0 5
0 6
0 7
0 8
0 10
0 13
0 14
0 15
0 30
0 31
0 32
0 33
0 38
0 46
0 50
0 55
0 75
0 81
0 90
0 101
0 119
0 124
0 134
0 153
0 159
0 164
0 185
0 187
0 207
0 240
0 287
0 289
0 335
0 360
0 457
0 458
0 467
0 488
0 542
0 596
0 611
0 632
0 749
0 761
0 770
0 830
0 862
0 877
0 936
0 1048
0 1124
0 1182
0 1217
0 1231
0 1240
0 1305
0 1332
0 1364
0 1388
0 1403
0 1421
0 1424
0 1593
0 1594
0 1649
0 1797
0 1897
0 1970
1 5
1 6
1 9
1 11
1 12
1 13
1 15
1 22
1 25
1 29
1 43
1 90
1 97
1 131
1 149
1 163
1 206
1 217
1 257
1 262
1 294
1 323
1 326
1 365
1 409
1 420
1 430
1 460
1 474
1 477
1 502
1 547
1 565
1 592
1 603
1 624
1 625
1 760
1 813
1 922
1 996
1 1076
1 1081
1 1100
1 1126
1 1506
1 1635
1 1638
1 1660
1 1703
1 1714
1 1825
1 1839
1 1879
1 1921
2 5
2 6
2 7
2 10
2 13
2 16
2 17
2 18
2 19
2 20
2 23
2 30
2 39
2 40
2 44
2 51
2 56
2 57
2 60
2 65
2 66
2 72
2 74
2 82
2 87
2 89
2 103
2 110
2 113
2 118
2 161
2 162
2 171
2 181
2 200
2 229
2 231
2 233
2 246
2 250
2 262
2 284
2 298
2 343
2 348
2 376
2 384
2 406
2 417
2 442
2 454
2 475
2 496
2 509
2 551
2 556
2 558
2 560
2 568
2 584
2 587
2 626
2 652
2 658
2 692
2 714
2 720
2 727
2 743
2 751
2 780
2 789
2 795
2 808
2 823
2 878
2 901
2 948
2 960
2 987
2 990
2 1013
2 1122
2 1144
2 1189
2 1198
2 1211
2 1226
2 1230
2 1238
2 1246
2 1250
2 1284
2 1309
2 1386
2 1403
2 1493
2 1575
2 1625
2 1659
2 1665
2 1756
2 1789
2 1806
2 1830
2 1856
2 1905
2 1923
2 1947
2 1965
2 1975
3 5
3 8
3 10
3 11
3 20
3 44
3 59
3 65
3 69
3 119
3 156
3 178
3 214
3 253
3 263
3 271
3 280
3 284
3 411
3 435
3 517
3 534
3 695
3 828
3 849
3 859
3 925
3 1009
3 1035
3 1043
3 1071
3 1104
3 1248
3 1433
3 1437
3 1461
3 1515
3 1528
3 1957
3 1985
4 5
4 6
4 7
4 8
4 9
4 10
4 12
4 16
4 17
4 18
4 19
4 23
4 24
4 25
4 26
4 27
4 28
4 29
4 31
4 32
4 34
4 38
4 41
4 42
4 44
4 46
4 48
4 51
4 54
4 55
4 57
4 59
4 60
4 61
4 62
4 71
4 74
4 78
4 79
4 82
4 84
4 86
4 92
4 97
4 101
4 105
4 106
4 113
4 115
4 116
4 118
4 119
4 124
4 127
4 128
4 138
4 140
4 149
4 150
4 152
4 153
4 156
4 160
4 165
4 193
4 201
4 202
4 206
4 211
4 221
4 222
4 224
4 225
4 228
4 240
4 241
4 254
4 256
4 257
4 258
4 261
4 266
4 276
4 277
4 283
4 286
4 297
4 302
4 310
4 317
4 318
4 331
4 334
4 347
4 349
4 359
4 372
4 374
4 383
4 390
4 391
4 397
4 398
4 402
4 403
4 414
4 423
4 425
4 433
4 458
4 470
4 472
4 474
4 486
4 488
4 492
4 496
4 518
4 527
4 567
4 568
4 574
4 589
4 599
4 601
4 613
4 626
4 651
4 659
4 675
4 694
4 695
4 697
4 698
4 731
4 772
4 786
4 800
4 819
4 825
4 834
4 883
4 887
4 932
4 950
4 972
4 985
4 993
4 1009
4 1011
4 1075
4 1078
4 1079
4 1115
4 1130
4 1132
4 1182
4 1224
4 1247
4 1265
4 1275
4 1284
4 1300
4 1321
4 1330
4 1334
4 1336
4 1351
4 1361
4 1362
4 1366
4 1386
4 1393
4 1443
4 1448
4 1449
4 1475
4 1487
4 1495
4 1507
4 1524
4 1530
4 1542
4 1551
4 1552
4 1553
4 1587
4 1617
4 1634
4 1650
4 1683
4 1691
4 1752
4 1758
4 1766
4 1772
4 1809
4 1813
4 1814
4 1839
4 1896
4 1908
4 1919
4 1921
4 1988
4 1992
5 6
5 7
5 8
5 9
5 14
5 15
5 17
5 22
5 25
5 33
5 43
5 47
5 59
5 66
5 68
5 76
5 85
5 89
5 93
5 96
5 99
5 107
5 109
5 115
5 121
5 132
5 141
5 146
5 147
5 150
5 157
5 171
5 173
5 200
5 208
5 209
5 211
5 218
5 227
5 243
5 255
5 257
5 266
5 270
5 296
5 305
5 308
5 312
5 324
5 325
5 335
5 337
5 342
5 348
5 357
5 369
5 373
5 384
5 396
5 402
5 405
5 409
5 427
5 428
5 439
5 452
5 474
5 488
5 490
5 505
5 510
5 515
5 516
5 550
5 561
5 579
5 601
5 609
5 611
5 614
5 623
5 640
5 644
5 671
5 684
5 688
5 693
5 702
5 710
5 739
5 793
5 824
5 844
5 850
5 857
5 858
5 860
5 862
5 868
5 877
5 926
5 928
5 967
5 994
5 1006
5 1011
5 1027
5 1038
5 1043
5 1052
5 1061
5 1094
5 1103
5 1136
5 1146
5 1213
5 1214
5 1253
5 1282
5 1286
5 1291
5 1301
5 1306
5 1312
5 1354
5 1366
5 1369
5 1416
5 1452
5 1456
5 1457
5 1458
5 1500
5 1562
5 1576
5 1709
5 1717
5 1726
5 1794
5 1831
5 1845
5 1886
5 1912
5 1931
5 1958
5 1975
6 7
6 8
6 11
6 12
6 14
6 19
6 20
6 21
6 23
6 28
6 29
6 31
6 35
6 37
6 39
6 42
6 45
6 51
6 56
6 72
6 73
6 75
6 78
6 81
6 82
6 83
6 88
6 91
6 94
6 99
6 100
6 101
6 105
6 120
6 130
6 136
6 137
6 139
6 140
6 159
6 170
6 181
6 186
6 207
6 208
6 217
6 218
6 219
6 223
6 226
6 237
6 262
6 291
6 309
6 325
6 331
6 366
6 385
6 406
6 427
6 431
6 469
6 479
6 481
6 495
6 508
6 578
6 582
6 584
6 588
6 592
6 597
6 606
6 630
6 645
6 719
6 730
6 744
6 747
6 801
6 818
6 820
6 847
6 864
6 870
6 907
6 909
6 912
6 929
6 962
6 968
6 1000
6 1004
6 1010
6 1014
6 1036
6 1055
6 1082
6 1090
6 1091
6 1099
6 1108
6 1110
6 1140
6 1152
6 1153
6 1173
6 1178
6 1197
6 1204
6 1223
6 1323
6 1336
6 1349
6 1369
6 1374
6 1402
6 1489
6 1507
6 1509
6 1528
6 1540
6 1546
6 1584
6 1665
6 1675
6 1680
6 1740
6 1742
6 1758
6 1807
6 1951
6 1988
6 1991
6 1992
7 9
7 13
7 14
7 15
7 18
7 23
7 33
7 34
7 45
7 56
7 57
7 58
7 76
7 79
7 81
7 95
7 102
7 104
7 107
7 108
7 116
7 131
7 142
7 146
7 149
7 155
7 172
7 181
7 182
7 190
7 195
7 203
7 216
7 221
7 227
7 229
7 244
7 276
7 282
7 284
7 293
7 307
7 328
7 338
7 370
7 475
7 481
7 487
7 505
7 523
7 580
7 591
7 614
7 644
7 665
7 671
7 677
7 691
7 702
7 704
7 761
7 786
7 794
7 796
7 826
7 852
7 901
7 903
7 952
7 969
7 997
7 1000
7 1059
7 1063
7 1073
7 1081
7 1091
7 1101
7 1139
7 1153
7 1157
7 1158
7 1202
7 1211
7 1218
7 1243
7 1259
7 1268
7 1360
7 1368
7 1371
7 1466
7 1477
7 1479
7 1635
7 1649
7 1706
7 1719
7 1729
7 1753
7 1782
7 1796
7 1800
7 1828
7 1850
7 1961
7 1967
7 1973
8 9
8 10
8 14
8 19
8 21
8 26
8 37
8 52
8 85
8 87
8 126
8 139
8 142
8 192
8 203
8 227
8 242
8 307
8 389
8 391
8 393
8 418
8 435
8 437
8 476
8 502
8 518
8 581
8 592
8 618
8 623
8 669
8 687
8 704
8 769
8 788
8 804
8 810
8 918
8 930
8 934
8 1021
8 1066
8 1105
8 1136
8 1169
8 1237
8 1239
8 1284
8 1333
8 1348
8 1467
8 1554
8 1582
8 1653
8 1690
8 1744
8 1760
8 1801
9 11
9 12
9 16
9 22
9 26
9 27
9 40
9 41
9 47
9 68
9 70
9 77
9 80
9 95
9 115
9 121
9 122
9 132
9 136
9 143
9 148
9 152
9 168
9 169
9 172
9 179
9 180
9 199
9 206
9 211
9 220
9 225
9 228
9 238
9 256
9 258
9 261
9 267
9 281
9 282
9 300
9 316
9 320
9 322
9 339
9 354
9 369
9 376
9 387
9 396
9 398
9 411
9 423
9 424
9 442
9 468
9 469
9 471
9 490
9 508
9 513
9 552
9 553
9 567
9 570
9 604
9 605
9 608
9 621
9 657
9 664
9 680
9 681
9 689
9 692
9 701
9 704
9 713
9 714
9 742
9 761
9 771
9 775
9 797
9 800
9 803
9 815
9 821
9 825
9 878
9 895
9 906
9 928
9 939
9 961
9 963
9 987
9 995
9 1068
9 1078
9 1080
9 1087
9 1130
9 1155
9 1161
9 1187
9 1210
9 1233
9 1265
9 1293
9 1306
9 1307
9 1314
9 1317
9 1319
9 1331
9 1333
9 1354
9 1410
9 1422
9 1484
9 1564
9 1582
9 1606
9 1681
9 1688
9 1723
9 1773
9 1774
9 1817
9 1853
9 1912
9 1916
9 1967
10 11
10 18
10 20
10 21
10 28
10 29
10 37
10 62
10 64
10 90
10 96
10 157
10 164
10 179
10 189
10 236
10 244
10 264
10 295
10 316
10 354
10 420
10 436
10 513
10 536
10 539
10 541
10 547
10 578
10 593
10 653
10 654
10 658
10 689
10 690
10 723
10 730
10 789
10 891
10 929
10 964
10 1032
10 1164
10 1188
10 1325
10 1394
10 1455
10 1481
10 1521
10 1536
10 1556
10 1561
10 1590
10 1595
10 1720
10 1721
10 1765
10 1795
10 1831
10 1859
10 1860
10 1892
10 1946
10 1970
10 1983
11 12
11 13
11 16
11 17
11 19
11 27
11 36
11 41
11 53
11 67
11 76
11 86
11 91
11 127
11 170
11 174
11 180
11 185
11 199
11 203
11 216
11 224
11 239
11 255
11 282
11 300
11 311
11 331
11 334
11 340
11 353
11 361
11 369
11 403
11 425
11 437
11 479
11 482
11 543
11 544
11 588
11 617
11 621
11 656
11 673
11 679
11 736
11 747
11 777
11 804
11 827
11 932
11 975
11 978
11 1000
11 1012
11 1013
11 1015
11 1016
11 1030
11 1039
11 1044
11 1103
11 1150
11 1163
11 1239
11 1272
11 1309
11 1337
11 1452
11 1469
11 1492
11 1505
11 1511
11 1565
11 1691
11 1692
11 1726
11 1777
11 1811
11 1835
11 1853
11 1862
11 1881
11 1950
12 17
12 26
12 28
12 38
12 40
12 54
12 58
12 66
12 79
12 93
12 103
12 117
12 128
12 139
12 154
12 179
12 194
12 236
12 261
12 274
12 276
12 293
12 304
12 327
12 345
12 352
12 360
12 375
12 379
12 383
12 447
12 496
12 525
12 534
12 551
12 553
12 561
12 589
12 592
12 597
12 602
12 603
12 612
12 648
12 657
12 719
12 746
12 804
12 840
12 862
12 878
12 892
12 938
12 1175
12 1199
12 1215
12 1318
12 1442
12 1469
12 1522
12 1582
12 1791
12 1845
12 1913
13 15
13 18
13 30
13 37
13 39
13 42
13 45
13 61
13 72
13 74
13 109
13 114
13 122
13 155
13 161
13 168
13 218
13 245
13 259
13 290
13 294
13 460
13 461
13 476
13 488
13 595
13 711
13 724
13 765
13 773
13 790
13 791
13 857
13 873
13 895
13 1014
13 1056
13 1070
13 1102
13 1205
13 1280
13 1344
13 1417
13 1441
13 1481
13 1506
13 1590
13 1641
13 1718
13 1834
13 1884
13 1908
14 21
14 24
14 27
14 42
14 45
14 48
14 52
14 53
14 63
14 75
14 76
14 82
14 84
14 89
14 97
14 135
14 158
14 162
14 166
14 169
14 176
14 201
14 206
14 208
14 214
14 225
14 278
14 292
14 298
14 299
14 300
14 321
14 337
14 375
14 401
14 411
14 420
14 423
14 476
14 486
14 493
14 508
14 533
14 557
14 560
14 607
14 616
14 649
14 652
14 657
14 726
14 760
14 769
14 785
14 799
14 839
14 861
14 904
14 923
14 970
14 982
14 1083
14 1092
14 1138
14 1180
14 1207
14 1219
14 1253
14 1260
14 1278
14 1365
14 1370
14 1418
14 1460
14 1474
14 1493
14 1502
14 1529
14 1564
14 1612
14 1627
14 1632
14 1638
14 1754
14 1976
15 16
15 20
15 22
15 24
15 30
15 33
15 34
15 43
15 49
15 57
15 63
15 67
15 71
15 80
15 89
15 91
15 92
15 94
15 95
15 117
15 135
15 145
15 156
15 157
15 158
15 170
15 198
15 212
15 235
15 255
15 271
15 302
15 306
15 310
15 317
15 323
15 327
15 338
15 387
15 391
15 399
15 409
15 412
15 421
15 443
15 457
15 464
15 475
15 483
15 504
15 513
15 533
15 536
15 539
15 541
15 543
15 546
15 556
15 561
15 562
15 564
15 572
15 605
15 612
15 698
15 699
15 700
15 704
15 714
15 720
15 726
15 737
15 748
15 750
15 785
15 788
15 819
15 822
15 830
15 833
15 844
15 845
15 858
15 892
15 917
15 949
15 950
15 968
15 1006
15 1012
15 1122
15 1144
15 1185
15 1186
15 1190
15 1193
15 1236
15 1286
15 1298
15 1299
15 1302
15 1334
15 1340
15 1352
15 1362
15 1363
15 1369
15 1384
15 1410
15 1422
15 1441
15 1451
15 1483
15 1488
15 1495
15 1542
15 1604
15 1618
15 1645
15 1675
15 1711
15 1755
15 1830
15 1891
15 1894
15 1896
15 1903
15 1954
15 1960
15 1995
16 23
16 25
16 27
16 29
16 35
16 38
16 41
16 49
16 50
16 52
16 54
16 61
16 69
16 73
16 74
16 102
16 108
16 155
16 157
16 178
16 185
16 194
16 196
16 203
16 209
16 210
16 216
16 220
16 230
16 239
16 265
16 276
16 289
16 296
16 373
16 374
16 387
16 418
16 428
16 450
16 459
16 470
16 545
16 649
16 674
16 737
16 742
16 776
16 797
16 812
16 815
16 839
16 867
16 880
16 881
16 888
16 932
16 935
16 961
16 962
16 1020
16 1078
16 1084
16 1107
16 1109
16 1121
16 1125
16 1138
16 1140
16 1186
16 1200
16 1206
16 1225
16 1229
16 1252
16 1276
16 1290
16 1297
16 1319
16 1366
16 1374
16 1379
16 1412
16 1425
16 1444
16 1544
16 1551
16 1642
16 1650
16 1769
16 1790
16 1800
16 1814
16 1851
16 1897
16 1910
16 1912
16 1946
16 1947
16 1982
16 1990
17 60
17 70
17 95
17 106
17 113
17 131
17 135
17 151
17 160
17 167
17 172
17 188
17 192
17 223
17 233
17 241
17 244
17 293
17 330
17 333
17 345
17 370
17 408
17 439
17 503
17 506
17 547
17 565
17 570
17 590
17 639
17 655
17 660
17 663
17 719
17 731
17 741
17 751
17 807
17 840
17 843
17 909
17 983
17 1064
17 1130
17 1229
17 1252
17 1256
17 1274
17 1311
17 1344
17 1417
17 1434
17 1457
17 1520
17 1581
17 1591
17 1592
17 1600
17 1606
17 1629
17 1845
17 1930
17 1986
18 36
18 50
18 54
18 81
18 86
18 115
18 125
18 323
18 471
18 507
18 542
18 668
18 748
18 926
18 957
18 1089
18 1098
18 1238
18 1437
18 1526
18 1541
18 1687
18 1882
18 1885
19 21
19 24
19 28
19 31
19 35
19 40
19 43
19 47
19 55
19 58
19 61
19 64
19 65
19 67
19 70
19 71
19 82
19 92
19 104
19 120
19 127
19 145
19 177
19 197
19 198
19 199
19 212
19 213
19 222
19 237
19 247
19 253
19 262
19 278
19 279
19 281
19 297
19 306
19 318
19 329
19 350
19 367
19 391
19 394
19 407
19 434
19 441
19 485
19 515
19 531
19 538
19 595
19 597
19 661
19 682
19 790
19 806
19 866
19 905
19 929
19 942
19 980
19 982
19 990
19 1006
19 1009
19 1022
19 1087
19 1088
19 1098
19 1106
19 1114
19 1117
19 1143
19 1177
19 1188
19 1192
19 1209
19 1279
19 1287
19 1319
19 1326
19 1354
19 1387
19 1418
19 1438
19 1543
19 1551
19 1578
19 1610
19 1656
19 1695
19 1781
19 1783
19 1789
19 1793
19 1809
19 1846
19 1902
19 1936
20 22
20 42
20 43
20 47
20 53
20 62
20 140
20 197
20 265
20 275
20 316
20 319
20 358
20 366
20 451
20 456
20 461
20 478
20 492
20 529
20 536
20 577
20 594
20 659
20 731
20 738
20 742
20 847
20 898
20 928
20 1043
20 1097
20 1144
20 1195
20 1389
20 1438
20 1485
20 1577
20 1605
20 1684
20 1755
20 1805
20 1806
20 1855
20 1881
21 24
21 25
21 26
21 35
21 69
21 70
21 137
21 138
21 143
21 160
21 164
21 215
21 303
21 353
21 371
21 392
21 425
21 452
21 507
21 538
21 582
21 585
21 589
21 628
21 667
21 669
21 724
21 725
21 745
21 768
21 782
21 816
21 818
21 842
21 851
21 919
21 925
21 930
21 982
21 985
21 1056
21 1069
21 1087
21 1141
21 1145
21 1148
21 1211
21 1246
21 1254
21 1279
21 1383
21 1391
21 1406
21 1436
21 1474
21 1483
21 1489
21 1510
21 1539
21 1650
21 1651
21 1688
21 1876
21 1887
21 1916
21 1931
22 30
22 34
22 77
22 94
22 109
22 110
22 127
22 129
22 131
22 151
22 163
22 184
22 187
22 196
22 199
22 205
22 232
22 264
22 268
22 269
22 295
22 302
22 343
22 386
22 398
22 448
22 460
22 479
22 480
22 487
22 498
22 527
22 556
22 557
22 568
22 609
22 611
22 640
22 654
22 712
22 752
22 805
22 836
22 858
22 917
22 980
22 1003
22 1102
22 1137
22 1199
22 1256
22 1322
22 1351
22 1379
22 1510
22 1528
22 1559
22 1604
22 1642
22 1673
22 1739
22 1787
22 1874
22 1877
22 1907
22 1917
22 1963
23 36
23 47
23 53
23 59
23 178
23 339
23 409
23 450
23 468
23 486
23 583
23 634
23 801
23 1230
23 1407
23 1496
23 1514
23 1645
23 1868
23 1892
24 36
24 48
24 58
24 75
24 86
24 87
24 117
24 130
24 138
24 280
24 312
24 327
24 349
24 438
24 501
24 561
24 628
24 633
24 772
24 823
24 889
24 949
24 982
24 1142
24 1266
24 1384
24 1396
24 1651
24 1735
24 1836
24 1848
24 1883
25 32
25 53
25 74
25 80
25 83
25 135
25 138
25 163
25 193
25 208
25 228
25 263
25 298
25 419
25 587
25 620
25 629
25 632
25 767
25 768
25 1023
25 1072
25 1080
25 1187
25 1304
25 1314
25 1338
25 1369
25 1476
25 1525
25 1586
25 1615
25 1705
25 1793
25 1819
25 1872
26 37
26 63
26 92
26 191
26 199
26 232
26 239
26 346
26 698
26 758
26 1080
26 1361
26 1384
26 1402
26 1543
26 1648
26 1774
26 1883
26 1984
26 1994
27 31
27 50
27 52
27 88
27 93
27 123
27 126
27 638
27 723
27 756
27 811
27 824
27 837
27 952
27 971
27 1050
27 1434
27 1466
27 1684
27 1694
28 34
28 38
28 73
28 117
28 120
28 131
28 133
28 144
28 179
28 189
28 212
28 243
28 263
28 315
28 413
28 472
28 562
28 639
28 748
28 759
28 929
28 1237
28 1343
28 1497
28 1510
28 1534
28 1697
28 1779
28 1836
29 32
29 35
29 36
29 45
29 46
29 51
29 54
29 62
29 64
29 75
29 76
29 104
29 126
29 129
29 137
29 163
29 167
29 170
29 180
29 193
29 195
29 202
29 219
29 232
29 243
29 245
29 268
29 286
29 294
29 326
29 337
29 338
29 343
29 352
29 365
29 380
29 394
29 415
29 440
29 447
29 466
29 469
29 509
29 550
29 603
29 611
29 628
29 651
29 652
29 687
29 744
29 811
29 822
29 845
29 860
29 872
29 880
29 893
29 915
29 922
29 953
29 1004
29 1017
29 1111
29 1120
29 1137
29 1147
29 1171
29 1183
29 1185
29 1191
29 1230
29 1256
29 1283
29 1300
29 1305
29 1311
29 1323
29 1440
29 1462
29 1531
29 1601
29 1611
29 1626
29 1631
29 1717
29 1736
29 1756
29 1772
29 1795
29 1841
29 1885
30 32
30 39
30 60
30 77
30 97
30 113
30 133
30 176
30 242
30 255
30 270
30 285
30 340
30 378
30 390
30 435
30 449
30 563
30 607
30 682
30 745
30 833
30 837
30 903
30 993
30 1074
30 1239
30 1401
30 1485
30 1505
30 1544
30 1605
30 1981
31 33
31 72
31 73
31 100
31 127
31 132
31 133
31 155
31 177
31 195
31 235
31 257
31 260
31 322
31 378
31 409
31 415
31 478
31 493
31 537
31 598
31 636
31 687
31 733
31 787
31 988
31 1010
31 1047
31 1056
31 1089
31 1125
31 1127
31 1166
31 1289
31 1518
31 1553
31 1715
31 1795
31 1925
32 39
32 46
32 56
32 66
32 88
32 112
32 121
32 130
32 162
32 178
32 202
32 228
32 258
32 285
32 375
32 380
32 401
32 454
32 455
32 467
32 497
32 585
32 598
32 605
32 618
32 626
32 683
32 710
32 757
32 771
32 782
32 785
32 808
32 832
32 975
32 1060
32 1064
32 1065
32 1073
32 1115
32 1143
32 1176
32 1225
32 1299
32 1350
32 1363
32 1371
32 1406
32 1566
32 1613
32 1686
32 1736
32 1785
32 1808
32 1898
32 1990
33 48
33 107
33 114
33 159
33 248
33 250
33 260
33 373
33 417
33 441
33 453
33 497
33 513
33 570
33 617
33 631
33 684
33 696
33 735
33 782
33 886
33 997
33 1045
33 1150
33 1337
33 1344
33 1572
33 1613
33 1722
33 1988
34 55
34 108
34 128
34 130
34 147
34 158
34 168
34 169
34 182
34 189
34 204
34 284
34 421
34 532
34 566
34 609
34 642
34 662
34 891
34 956
34 1157
34 1210
34 1279
34 1343
34 1414
34 1417
34 1421
34 1484
34 1552
34 1574
34 1798
34 1879
35 49
35 57
35 65
35 87
35 102
35 103
35 111
35 114
35 263
35 382
35 383
35 477
35 491
35 577
35 647
35 705
35 1227
35 1282
35 1427
35 1491
35 1516
35 1666
35 1869
36 44
36 51
36 52
36 79
36 112
36 159
36 189
36 244
36 345
36 451
36 452
36 579
36 884
36 889
36 950
36 1351
36 1390
36 1608
36 1771
36 1909
36 1936
37 141
37 142
37 153
37 362
37 424
37 451
37 1070
37 1077
37 1461
37 1500
37 1545
37 1557
37 1567
37 1978
38 41
38 134
38 144
38 222
38 280
38 292
38 510
38 527
38 679
38 692
38 723
38 799
38 893
38 934
38 990
38 1058
38 1146
38 1147
38 1154
38 1229
38 1287
38 1396
38 1398
38 1468
38 1534
38 1667
38 1729
38 1918
39 40
39 48
39 58
39 77
39 78
39 105
39 111
39 116
39 192
39 196
39 238
39 265
39 299
39 336
39 344
39 356
39 360
39 404
39 662
39 685
39 708
39 798
39 820
39 848
39 855
39 856
39 917
39 950
39 1003
39 1005
39 1089
39 1135
39 1199
39 1364
39 1384
39 1399
39 1436
39 1486
39 1626
39 1729
40 63
40 102
40 120
40 122
40 134
40 152
40 157
40 165
40 185
40 205
40 220
40 351
40 412
40 469
40 499
40 581
40 648
40 988
40 1051
40 1078
40 1459
40 1580
40 1796
40 1824
40 1956
40 1985
41 61
41 67
41 94
41 115
41 186
41 188
41 193
41 211
41 256
41 259
41 376
41 407
41 515
41 577
41 674
41 716
41 750
41 839
41 873
41 875
41 1437
41 1511
41 1569
41 1806
42 44
42 63
42 73
42 84
42 104
42 106
42 134
42 142
42 175
42 248
42 254
42 266
42 272
42 328
42 395
42 402
42 438
42 490
42 580
42 602
42 612
42 797
42 831
42 871
42 999
42 1023
42 1029
42 1154
42 1172
42 1189
42 1192
42 1292
42 1301
42 1316
42 1348
42 1360
42 1529
42 1636
42 1726
42 1742
42 1751
42 1850
42 1866
42 1949
42 1997
43 49
43 70
43 109
43 150
43 229
43 261
43 270
43 366
43 418
43 471
43 524
43 600
43 607
43 657
43 753
43 868
43 890
43 1118
43 1276
43 1332
43 1449
43 1451
43 1560
43 1570
43 1668
43 1770
43 1771
43 1778
43 1966
43 1989
44 50
44 68
44 101
44 151
44 153
44 191
44 198
44 203
44 242
44 244
44 253
44 292
44 299
44 303
44 344
44 345
44 367
44 375
44 433
44 504
44 526
44 531
44 539
44 701
44 765
44 781
44 912
44 1074
44 1104
44 1510
44 1517
44 1589
44 1598
44 1897
45 46
45 65
45 100
45 102
45 106
45 114
45 119
45 121
45 125
45 154
45 186
45 219
45 221
45 287
45 320
45 332
45 336
45 342
45 432
45 555
45 579
45 596
45 632
45 668
45 683
45 834
45 876
45 896
45 966
45 1037
45 1058
45 1095
45 1182
45 1268
45 1297
45 1355
45 1358
45 1373
45 1522
45 1540
45 1766
45 1860
45 1911
45 1956
45 1992
46 55
46 60
46 68
46 118
46 135
46 146
46 179
46 276
46 307
46 312
46 315
46 426
46 446
46 498
46 505
46 554
46 584
46 634
46 843
46 1023
46 1024
46 1177
46 1262
46 1270
46 1609
46 1633
46 1685
46 1865
46 1878
46 1907
47 49
47 62
47 66
47 81
47 83
47 123
47 165
47 191
47 241
47 245
47 312
47 331
47 352
47 438
47 506
47 535
47 743
47 811
47 815
47 919
47 1063
47 1192
47 1210
47 1282
47 1401
47 1472
47 1483
47 1681
47 1684
47 1715
47 1761
47 1810
47 1863
47 1954
48 68
48 83
48 90
48 100
48 110
48 111
48 133
48 140
48 158
48 161
48 183
48 186
48 231
48 240
48 274
48 280
48 290
48 305
48 325
48 350
48 389
48 432
48 437
48 462
48 505
48 549
48 555
48 591
48 631
48 650
48 651
48 660
48 785
48 814
48 881
48 930
48 931
48 953
48 958
48 999
48 1039
48 1057
48 1092
48 1154
48 1221
48 1269
48 1320
48 1377
48 1445
48 1447
48 1460
48 1463
48 1578
48 1604
48 1637
48 1662
48 1876
48 1983
49 64
49 88
49 99
49 104
49 124
49 174
49 184
49 262
49 428
49 564
49 586
49 619
49 721
49 722
49 775
49 823
49 854
49 931
49 944
49 987
49 1018
49 1032
49 1123
49 1161
49 1251
49 1433
49 1515
49 1545
49 1548
49 1808
49 1810
49 1900
49 1918
50 72
50 78
50 91
50 105
50 140
50 144
50 160
50 166
50 182
50 222
50 241
50 270
50 272
50 325
50 350
50 376
50 444
50 450
50 472
50 490
50 552
50 606
50 678
50 703
50 709
50 842
50 879
50 898
50 960
50 1012
50 1110
50 1116
50 1205
50 1270
50 1413
50 1496
50 1549
50 1571
50 1597
50 1621
50 1668
50 1710
50 1805
50 1807
50 1833
50 1927
50 1935
50 1962
50 1972
50 1996
51 110
51 183
51 253
51 410
51 422
51 849
51 1142
51 1335
51 1843
52 71
52 97
52 206
52 290
52 320
52 395
52 441
52 494
52 541
52 613
52 693
52 716
52 720
52 744
52 793
52 870
52 1084
52 1152
52 1579
52 1651
52 1801
52 1811
52 1847
52 1969
53 56
53 84
53 116
53 290
53 335
53 358
53 381
53 384
53 388
53 414
53 480
53 594
53 648
53 781
53 798
53 799
53 897
53 900
53 941
53 971
53 1034
53 1147
53 1233
53 1261
53 1333
53 1486
53 1589
53 1747
53 1802
53 1888
53 1890
53 1920
54 78
54 88
54 114
54 147
54 164
54 332
54 364
54 386
54 402
54 508
54 566
54 725
54 832
54 1037
54 1358
54 1477
54 1503
54 1751
54 1772
54 1782
55 80
55 125
55 172
55 218
55 341
55 438
55 529
55 1391
55 1442
55 1740
55 1776
55 1804
56 67
56 93
56 94
56 98
56 123
56 141
56 154
56 167
56 177
56 217
56 362
56 413
56 446
56 459
56 467
56 556
56 664
56 691
56 729
56 774
56 848
56 880
56 904
56 926
56 928
56 1044
56 1188
56 1199
56 1206
56 1247
56 1282
56 1323
56 1334
56 1356
56 1411
56 1539
56 1798
56 1938
57 98
57 132
57 301
57 652
57 700
57 899
57 1042
57 1157
57 1338
57 1613
57 1845
57 1975
58 59
58 238
58 316
58 333
58 349
58 367
58 414
58 427
58 432
58 518
58 521
58 819
58 939
58 1118
58 1149
58 1310
58 1355
58 1448
58 1520
58 1563
58 1659
58 1781
59 85
59 107
59 149
59 184
59 189
59 197
59 308
59 354
59 385
59 422
59 547
59 585
59 591
59 665
59 691
59 698
59 705
59 841
59 864
59 1061
59 1110
59 1113
59 1218
59 1280
59 1343
59 1601
59 1660
60 86
60 113
60 125
60 156
60 173
60 185
60 198
60 205
60 234
60 248
60 267
60 286
60 288
60 303
60 363
60 371
60 377
60 404
60 478
60 498
60 531
60 546
60 552
60 673
60 709
60 746
60 870
60 881
60 884
60 943
60 955
60 965
60 986
60 1121
60 1204
60 1241
60 1274
60 1298
60 1308
60 1377
60 1402
60 1471
60 1558
60 1583
60 1588
60 1628
60 1663
60 1701
60 1738
60 1750
60 1776
60 1862
60 1895
60 1941
60 1961
61 85
61 141
61 143
61 317
61 363
61 572
61 573
61 672
61 697
61 782
61 821
61 823
61 939
61 995
61 1425
61 1468
61 1748
61 1800
62 99
62 220
62 226
62 233
62 283
62 435
62 489
62 641
62 779
62 1109
62 1292
62 1424
63 64
63 108
63 128
63 230
63 247
63 561
63 575
63 772
63 851
63 866
63 986
63 1025
63 1062
63 1730
63 1733
63 1915
64 69
64 103
64 112
64 187
64 192
64 287
64 490
64 593
64 685
64 780
64 787
64 924
64 935
64 951
64 1051
64 1164
64 1219
64 1329
64 1498
64 1606
64 1795
64 1962
65 69
65 71
65 84
65 93
65 126
65 183
65 327
65 359
65 422
65 466
65 488
65 665
65 699
65 885
65 914
65 935
65 946
65 953
65 995
65 1026
65 1061
65 1156
65 1311
65 1342
65 1373
65 1628
65 1905
65 1926
66 100
66 165
66 236
66 350
66 434
66 627
66 828
66 956
66 1124
66 1420
66 1876
66 1915
66 1919
66 1976
66 1993
67 165
67 221
67 410
67 541
67 791
67 1405
67 1833
68 79
68 141
68 196
68 247
68 258
68 266
68 326
68 423
68 554
68 805
68 842
68 1025
68 1075
68 1191
68 1193
68 1225
68 1730
68 1821
68 1828
68 1974
68 1979
69 98
69 107
69 216
69 296
69 319
69 328
69 351
69 353
69 484
69 575
69 602
69 663
69 674
69 730
69 778
69 906
69 945
69 1437
69 1461
69 1565
69 1574
69 1620
69 1783
69 1822
69 1837
69 1902
69 1927
70 87
70 91
70 372
70 987
70 1929
71 96
71 186
71 205
71 281
71 365
71 400
71 706
71 1084
71 1168
71 1335
71 1378
71 1856
72 109
72 147
72 174
72 211
72 301
72 311
72 364
72 519
72 574
72 661
72 662
72 747
72 792
72 806
72 1094
72 1235
72 1311
72 1454
72 1467
72 1518
72 1572
72 1577
72 1654
72 1684
72 1939
73 77
73 85
73 89
73 117
73 130
73 154
73 187
73 252
73 320
73 414
73 570
73 627
73 709
73 753
73 914
73 946
73 956
73 992
73 1083
73 1139
73 1182
73 1452
73 1497
73 1520
73 1689
73 1712
73 1873
73 1888
73 1894
73 1932
73 1942
73 1946
73 1969
74 173
74 200
74 344
74 415
74 586
74 804
74 996
74 1090
74 1268
74 1785
75 95
75 183
75 212
75 257
75 259
75 341
75 353
75 415
75 496
75 589
75 619
75 656
75 661
75 671
75 693
75 715
75 745
75 775
75 803
75 877
75 927
75 940
75 1044
75 1079
75 1095
75 1103
75 1142
75 1162
75 1187
75 1218
75 1267
75 1283
75 1294
75 1377
75 1381
75 1392
75 1616
75 1637
75 1788
75 1949
76 144
76 156
76 166
76 168
76 181
76 194
76 209
76 228
76 287
76 336
76 437
76 446
76 482
76 494
76 526
76 925
76 947
76 1113
76 1133
76 1224
76 1439
76 1451
76 1453
76 1455
76 1470
76 1487
76 1677
76 1815
76 1943
77 151
77 218
77 311
77 401
77 431
77 571
77 650
77 760
77 848
77 1034
77 1251
77 1314
77 1346
77 1550
77 1669
78 80
78 98
78 146
78 194
78 269
78 300
78 334
78 357
78 401
78 405
78 512
78 538
78 617
78 740
78 777
78 779
78 861
78 888
78 968
78 1157
78 1270
78 1380
78 1568
78 1658
78 1752
78 1773
78 1830
78 1972
79 279
79 288
79 398
79 412
79 458
79 484
79 521
79 528
79 530
79 582
79 592
79 816
79 829
79 879
79 920
79 1126
79 1156
79 1250
79 1314
79 1400
79 1594
79 1669
79 1876
79 1891
80 96
80 324
80 410
80 426
80 563
80 740
80 757
80 975
80 1215
80 1286
80 1508
81 105
81 143
81 161
81 308
81 352
81 354
81 405
81 756
81 954
81 1032
81 1079
81 1518
81 1548
81 1676
81 1755
81 1886
82 83
82 192
82 243
82 309
82 479
82 856
82 1380
82 1449
82 1524
82 1527
82 1536
82 1725
82 1810
82 1964
83 136
83 143
83 217
83 417
83 429
83 503
83 517
83 554
83 634
83 702
83 749
83 779
83 784
83 834
83 876
83 1004
83 1036
83 1067
83 1234
83 1241
83 1430
83 1492
83 1610
83 1681
83 1746
83 1885
83 1909
83 1996
84 339
84 440
84 448
84 568
84 619
84 1576
85 90
85 149
85 167
85 330
85 527
85 655
85 728
85 750
85 844
85 954
85 999
85 1168
85 1184
85 1400
85 1817
85 1908
86 92
86 101
86 111
86 200
86 207
86 249
86 351
86 392
86 404
86 424
86 457
86 513
86 593
86 640
86 809
86 825
86 920
86 942
86 1000
86 1015
86 1264
86 1303
86 1320
86 1467
86 1516
86 1627
86 1727
86 1865
86 1866
87 106
87 112
87 125
87 134
87 137
87 297
87 321
87 348
87 365
87 615
87 801
87 802
87 1398
87 1412
87 1708
87 1852
88 96
88 99
88 110
88 118
88 161
88 163
88 222
88 224
88 235
88 286
88 315
88 344
88 357
88 489
88 498
88 501
88 507
88 509
88 511
88 526
88 548
88 569
88 591
88 623
88 667
88 696
88 700
88 755
88 874
88 946
88 983
88 1060
88 1259
88 1275
88 1372
88 1396
88 1456
88 1506
88 1557
88 1687
88 1739
88 1834
88 1878
88 1968
89 111
89 145
89 168
89 204
89 208
89 213
89 381
89 384
89 389
89 468
89 495
89 511
89 624
89 629
89 653
89 659
89 771
89 799
89 861
89 881
89 965
89 1040
89 1067
89 1149
89 1159
89 1238
89 1290
89 1454
89 1466
89 1756
89 1892
89 1978
90 116
90 129
90 137
90 152
90 259
90 283
90 341
90 376
90 377
90 386
90 400
90 422
90 443
90 503
90 646
90 649
90 707
90 786
90 944
90 1051
90 1058
90 1078
90 1222
90 1227
90 1500
90 1672
90 1680
90 1924
90 1941
90 1977
91 123
91 180
91 231
91 232
91 328
91 416
91 442
91 531
91 633
91 889
91 1161
91 1209
91 1299
91 1317
91 1539
91 1545
91 1633
91 1648
91 1656
91 1663
91 1708
91 1767
91 1962
92 175
92 180
92 195
92 259
92 291
92 979
92 1048
92 1072
92 1109
92 1153
92 1175
92 1232
92 1422
92 1526
92 1656
92 1739
92 1825
93 154
93 176
93 335
93 380
93 397
93 399
93 495
93 511
93 522
93 654
93 837
93 1161
93 1380
93 1404
93 1450
93 1750
93 1882
93 1918
94 98
94 124
94 147
94 431
94 453
94 680
94 869
94 964
94 1076
94 1166
94 1353
94 1531
94 1714
94 1718
94 1803
94 1914
94 1920
94 1962
94 1998
95 230
95 374
95 445
95 479
95 628
95 901
95 1018
95 1294
95 1713
95 1779
95 1798
95 1951
96 210
96 252
96 651
96 672
96 738
96 750
96 991
96 1141
96 1153
96 1228
96 1500
96 1554
96 1644
97 139
97 277
97 342
97 394
97 454
97 493
97 527
97 566
97 602
97 614
97 637
97 681
97 741
97 779
97 852
97 906
97 951
97 976
97 1199
97 1206
97 1388
97 1406
97 1622
97 1691
97 1717
97 1726
97 1739
97 1796
97 1931
97 1997
98 128
98 132
98 151
98 167
98 171
98 318
98 337
98 356
98 550
98 718
98 926
98 939
98 1135
98 1143
98 1302
98 1393
98 1666
99 268
99 356
99 385
99 544
99 550
99 573
99 627
99 676
99 754
99 861
99 1345
100 922
100 1060
100 1172
100 1209
100 1330
101 103
101 123
101 162
101 304
101 330
101 501
101 528
101 537
101 710
101 888
101 1033
101 1277
101 1376
101 1418
101 1989
102 112
102 269
102 377
102 420
102 448
102 475
102 636
102 667
102 682
102 718
102 722
102 748
102 795
102 1039
102 1074
102 1112
102 1395
102 1784
102 1984
103 201
103 214
103 255
103 315
103 321
103 333
103 405
103 424
103 452
103 981
103 1195
103 1261
103 1719
103 1939
104 150
104 227
104 288
104 314
104 459
104 517
104 635
104 669
104 891
104 945
104 994
104 1347
104 1353
104 1475
104 1706
104 1751
104 1889
105 129
105 144
105 365
105 368
105 454
105 534
105 726
105 1237
105 1318
105 1481
105 1646
105 1691
106 118
106 221
106 419
106 482
106 764
106 833
106 1028
106 1055
106 1375
106 1501
106 1640
106 1810
106 1887
107 108
107 142
107 148
107 166
107 188
107 197
107 205
107 311
107 318
107 721
107 790
107 879
107 967
107 1033
107 1270
107 1619
107 1983
108 188
108 250
108 445
108 827
108 886
108 917
108 1092
108 1106
108 1231
108 1239
108 1552
108 1625
109 120
109 160
109 305
109 317
109 359
109 623
109 652
109 672
109 713
109 732
109 911
109 931
109 1047
109 1200
109 1448
109 1473
109 1511
109 1566
109 1908
110 166
110 176
110 242
110 514
110 541
110 1386
110 1431
110 1449
111 129
111 302
111 686
111 1029
111 1156
111 1641
112 119
112 126
112 145
112 230
112 233
112 324
112 343
112 463
112 466
112 530
112 555
112 563
112 569
112 618
112 692
112 695
112 719
112 773
112 780
112 844
112 991
112 1165
112 1170
112 1220
112 1261
112 1263
112 1339
112 1452
112 1478
112 1508
112 1553
112 1587
112 1593
112 1616
112 1663
112 1672
112 1682
112 1720
112 1737
112 1899
112 1990
113 124
113 136
113 595
113 1128
113 1172
113 1213
113 1549
113 1992
114 145
114 177
114 202
114 279
114 355
114 540
114 559
114 734
114 885
114 889
114 1240
114 1637
114 1829
114 1985
115 1216
115 1903
115 1915
116 164
116 177
116 182
116 314
116 381
116 442
116 838
116 871
116 1168
116 1198
116 1249
116 1601
116 1612
116 1840
116 1896
117 122
117 277
117 382
117 393
117 408
117 455
117 571
117 664
117 669
117 776
117 802
117 817
117 819
117 895
117 907
117 934
117 1016
117 1057
117 1059
117 1196
117 1287
117 1465
117 1764
117 1840
117 1982
118 225
118 272
118 340
118 395
118 436
118 624
118 752
118 781
118 1012
118 1123
118 1173
118 1243
118 1296
118 1377
118 1519
118 1932
119 150
119 292
119 308
119 351
119 358
119 487
119 499
119 520
119 872
119 1012
119 1101
119 1402
119 1545
119 1643
119 1883
120 121
120 122
120 361
120 424
120 574
120 581
120 696
120 759
120 808
120 841
120 875
120 951
120 1050
120 1100
120 1340
120 1371
120 1745
121 170
121 225
121 265
121 465
121 535
121 798
121 807
121 1559
121 1709
121 1977
122 169
122 293
122 314
122 446
122 602
122 625
122 639
122 690
122 770
122 813
122 986
122 1183
122 1223
122 1362
122 1432
122 1563
123 322
123 355
123 803
123 822
123 1504
123 1615
124 133
124 209
124 226
124 251
124 309
124 313
124 347
124 381
124 615
124 763
124 855
124 940
124 1136
124 1228
124 1238
124 1253
124 1431
124 1856
124 1860
124 1864
125 136
125 171
125 187
125 240
125 275
125 292
125 309
125 367
125 370
125 475
125 502
125 533
125 580
125 595
125 618
125 622
125 676
125 734
125 1005
125 1083
125 1150
125 1295
125 1501
125 1778
125 1804
126 162
126 254
126 305
126 347
126 357
126 383
126 462
126 566
126 621
126 743
126 804
126 883
126 1174
126 1272
126 1414
126 1496
126 1580
126 1587
126 1631
126 1805
126 1855
126 1907
127 146
127 152
127 261
127 294
127 319
127 324
127 382
127 397
127 619
127 755
127 827
127 991
127 1164
127 1370
127 1402
127 1464
127 1705
127 1744
127 1925
128 148
128 213
128 256
128 272
128 273
128 342
128 520
128 599
128 859
128 906
128 937
128 1203
128 1241
128 1392
128 1441
128 1592
129 139
129 158
129 246
129 251
129 295
129 405
129 440
129 507
129 529
129 540
129 590
129 676
129 677
129 712
129 787
129 927
129 1060
129 1129
129 1707
129 1764
129 1774
129 1821
130 251
130 279
130 348
130 563
130 587
130 802
130 1248
130 1262
130 1381
130 1421
130 1631
130 1675
130 1732
130 1894
131 138
131 175
131 188
131 312
131 544
131 559
131 675
131 868
131 908
131 1065
131 1069
131 1312
131 1587
131 1785
131 1842
131 1844
131 1859
132 148
132 171
132 254
132 295
132 302
132 332
132 426
132 451
132 485
132 515
132 590
132 609
132 611
132 692
132 757
132 1392
132 1483
132 1696
132 1828
132 1973
133 196
133 210
133 338
133 388
133 472
133 588
133 690
133 728
133 1044
133 1325
133 1399
133 1718
134 1005
134 1478
134 1743
135 153
135 238
135 241
135 246
135 346
135 356
135 388
135 392
135 436
135 463
135 546
135 548
135 571
135 607
135 653
135 657
135 678
135 701
135 750
135 899
135 940
135 1053
135 1136
135 1174
135 1292
135 1408
135 1695
135 1932
135 1934
135 1996
136 159
136 174
136 271
136 453
136 481
136 523
136 564
136 588
136 605
136 715
136 737
136 777
136 872
136 938
136 1217
136 1295
136 1350
136 1478
136 1617
136 1725
136 1780
137 198
137 207
137 217
137 274
137 275
137 525
137 608
137 638
137 725
137 1023
137 1186
137 1307
137 1494
137 1570
138 173
138 223
138 288
138 364
138 400
138 565
138 583
138 697
138 717
138 777
138 870
138 961
138 1221
138 1273
138 1599
139 201
139 303
139 355
139 384
139 442
139 668
139 1119
139 1283
139 1622
139 1640
139 1764
140 209
140 390
140 554
140 646
140 1776
141 215
141 246
141 252
141 363
141 364
141 403
141 413
141 537
141 941
141 1019
141 1024
141 1339
141 1407
141 1504
142 148
142 236
142 548
142 646
142 686
142 751
142 890
142 1184
143 173
143 250
143 566
143 664
143 1029
143 1476
143 1602
143 1709
143 1804
143 1893
144 260
144 526
144 1919
145 341
145 364
145 595
145 727
145 913
145 935
145 1077
145 1285
145 1391
145 1423
145 1876
145 1971
146 176
146 197
146 418
146 419
146 461
146 539
146 720
146 861
146 1017
146 1283
146 1496
146 1554
146 1561
146 1602
146 1628
146 1713
146 1733
146 1863
147 289
147 430
147 560
147 841
147 1179
147 1310
147 1667
148 183
148 251
148 252
148 258
148 408
148 528
148 683
148 691
148 709
148 975
148 996
148 1321
148 1514
148 1532
148 1558
148 1768
148 1861
148 1966
149 169
149 195
149 231
149 247
149 306
149 313
149 415
149 474
149 495
149 558
149 677
149 723
149 1063
149 1083
149 1190
149 1229
149 1328
149 1494
149 1662
149 1672
149 1673
149 1707
149 1872
150 263
150 266
150 291
150 1001
150 1340
150 1695
151 174
151 190
151 236
151 511
151 770
151 1061
151 1684
152 172
152 219
152 251
152 273
152 329
152 368
152 575
152 671
152 851
152 900
152 912
152 1264
152 1676
152 1922
153 204
153 430
153 586
153 654
153 753
153 813
153 1017
153 1866
154 155
154 264
154 342
154 427
154 664
154 697
154 921
154 1163
154 1574
154 1581
154 1789
155 701
155 883
155 1244
155 1602
155 1761
155 1860
156 256
156 284
156 321
156 350
156 465
156 534
156 729
156 1022
156 1187
156 1263
156 1268
156 1303
156 1337
156 1457
156 1631
156 1760
156 1855
157 226
157 448
157 761
157 854
157 933
157 948
157 1052
157 1214
157 1468
157 1496
157 1559
157 1595
157 1904
157 1922
157 1952
158 175
158 200
158 238
158 285
158 393
158 399
158 545
158 869
158 1297
158 1353
158 1444
158 1934
159 193
159 497
159 651
159 682
159 923
159 944
159 953
159 1051
159 1096
159 1235
159 1523
159 1556
159 1646
159 1814
159 1825
159 1933
160 178
160 234
160 313
160 356
160 434
160 451
160 604
160 666
160 742
160 809
160 836
160 908
160 1116
160 1152
160 1200
160 1873
161 175
161 273
161 306
161 359
161 388
161 624
161 679
161 785
161 941
161 1235
161 1257
161 1589
161 1865
162 322
162 338
162 416
162 492
162 740
162 1107
162 1630
162 1809
163 519
163 542
163 706
163 829
163 1574
164 245
164 296
164 722
164 963
164 989
164 1715
164 1803
164 1841
165 207
165 230
165 370
165 425
165 780
165 1026
165 1042
166 231
166 279
166 297
166 344
166 494
166 528
166 755
166 974
166 1125
166 1162
166 1220
166 1320
166 1411
166 1722
166 1819
166 1927
167 473
167 532
167 1665
167 1687
167 1728
167 1740
168 184
168 202
168 204
168 223
168 323
168 326
168 379
168 447
168 467
168 545
168 710
168 859
168 893
168 1021
168 1099
168 1210
168 1394
168 1476
168 1516
168 1565
168 1671
168 1700
168 1705
168 1804
169 331
169 521
169 573
169 583
169 1409
169 1423
170 182
170 305
170 368
170 549
170 567
170 966
170 1231
170 1283
170 1573
170 1793
170 1880
170 1948
171 317
171 547
171 593
171 771
171 841
171 1032
171 1068
171 1716
171 1980
172 215
172 239
172 270
172 301
172 377
172 781
172 815
172 1090
172 1179
172 1252
172 1495
172 1498
172 1971
173 184
173 190
173 191
173 215
173 249
173 297
173 328
173 369
173 380
173 468
173 575
173 718
173 735
173 796
173 829
173 916
173 1015
173 1082
173 1217
173 1279
173 1315
174 190
174 204
174 517
174 789
174 805
174 836
174 1011
174 1218
174 1597
174 1634
174 1679
174 1755
174 1768
175 264
175 329
175 358
175 407
175 516
175 616
175 813
175 910
175 974
175 1734
175 1845
176 191
176 237
176 303
176 352
176 358
176 456
176 898
176 1018
176 1189
176 1269
176 1471
176 1702
176 1820
177 213
177 237
177 322
177 369
177 443
177 610
177 793
177 801
177 857
177 916
177 938
177 947
177 1137
177 1315
177 1623
177 1779
177 1907
178 226
178 260
178 439
178 457
178 489
178 514
178 600
178 843
178 979
178 1050
178 1107
178 1574
178 1852
179 181
179 216
179 314
179 1841
179 1952
180 194
180 330
180 431
180 755
181 213
181 219
181 253
181 274
181 296
181 447
181 499
181 522
181 576
181 629
181 1192
181 1211
181 1331
181 1532
181 1594
182 237
182 764
183 220
183 417
183 473
183 546
183 721
183 1304
184 797
184 868
184 1154
184 1528
184 1540
185 393
185 494
185 622
185 873
185 1435
185 1581
186 190
186 243
186 291
186 304
186 336
186 337
186 655
186 983
186 1341
186 1512
186 1775
187 229
187 248
187 361
187 523
187 636
187 677
187 700
187 866
187 876
187 880
187 1004
187 1418
187 1670
187 1826
187 1836
187 1847
187 1869
187 1900
187 1902
188 816
188 876
188 1182
188 1225
188 1456
188 1600
188 1754
188 1940
189 379
189 441
189 822
189 865
189 897
189 1405
190 215
190 264
190 307
190 587
190 594
190 1686
191 282
191 483
191 519
191 530
191 576
191 1475
191 1944
191 1953
192 798
192 1341
193 438
193 644
193 738
193 822
193 851
193 1009
193 1760
194 353
194 401
194 419
194 533
194 770
194 842
194 883
194 1104
194 1233
194 1583
194 1620
194 1703
194 1891
195 247
195 325
195 368
195 431
195 639
195 741
195 1291
195 1301
195 1356
195 1750
195 1800
195 1805
195 1951
195 1976
196 234
196 311
196 679
196 903
196 1113
196 1325
196 1373
196 1652
196 1884
196 1916
196 1956
197 201
197 242
197 249
197 285
197 444
197 601
197 641
197 746
197 757
197 836
197 991
197 1052
197 1245
197 1260
197 1295
197 1447
197 1453
198 210
198 214
198 333
198 428
198 688
198 732
198 749
198 894
198 918
198 1213
198 1701
199 210
199 254
199 313
199 429
199 612
200 434
200 492
200 869
200 1027
200 1057
200 1189
200 1205
200 1537
200 1614
200 1699
200 1713
201 235
201 304
201 363
201 454
201 518
201 662
201 699
201 732
201 784
201 812
201 830
201 959
201 984
201 1028
201 1034
201 1103
201 1155
201 1197
201 1302
201 1307
201 1482
201 1524
202 212
202 233
202 360
202 394
202 429
202 795
202 1202
202 1318
202 1432
202 1459
202 1472
202 1492
202 1516
202 1537
202 1561
202 1674
203 379
203 426
203 1137
204 465
204 516
204 531
204 610
204 779
204 866
204 969
204 1008
204 1330
204 1403
204 1607
204 1757
204 1928
205 245
205 252
205 433
205 500
205 640
205 739
205 770
205 840
205 1575
205 1877
206 298
206 309
206 393
206 403
206 410
206 572
206 630
206 656
206 738
206 937
206 1085
206 1257
206 1315
206 1374
206 1521
206 1531
206 1697
206 1792
207 224
207 227
207 332
207 354
207 398
207 493
207 802
207 903
207 1084
207 1102
207 1159
207 1194
207 1201
207 1277
207 1547
207 1619
208 214
208 274
208 402
208 707
208 1149
208 1227
208 1404
208 1930
208 1983
209 336
209 440
209 577
209 708
209 793
209 809
209 878
209 1087
209 1138
209 1288
209 1404
209 1463
209 1504
209 1530
209 1879
209 1968
209 1991
210 223
210 289
210 324
210 363
210 381
210 399
210 739
210 759
210 1179
210 1197
210 1208
210 1303
210 1509
210 1751
210 1776
210 1922
211 232
211 582
211 806
211 960
211 970
211 984
211 1007
211 1117
211 1200
211 1401
211 1521
211 1568
211 1658
212 290
212 395
212 411
212 606
212 614
212 835
212 1712
213 275
213 294
213 522
213 617
213 902
213 945
213 969
213 1196
213 1839
214 301
214 499
214 669
214 759
214 1190
214 1242
214 1249
214 1307
214 1745
214 1781
214 1857
215 936
215 1132
215 1598
216 249
216 489
216 538
216 714
216 844
216 916
216 930
216 955
216 1037
216 1216
216 1241
216 1285
216 1394
216 1674
216 1787
216 1969
217 268
217 670
217 712
217 735
217 871
217 1181
217 1413
217 1425
217 1955
218 362
218 545
218 548
218 946
218 1251
218 1254
218 1299
219 224
219 310
219 345
219 559
219 703
219 835
219 902
219 917
219 1028
219 1046
219 1234
219 1294
219 1309
219 1331
219 1492
220 287
220 436
220 828
220 957
220 1838
221 239
221 406
221 522
221 538
221 672
221 1013
221 1158
221 1269
221 1769
222 229
222 295
222 683
222 1162
223 248
223 250
223 416
223 499
223 660
223 762
223 1036
223 1098
223 1314
223 1414
223 1658
224 281
224 383
224 489
224 620
224 986
224 1094
224 1095
224 1108
224 1218
224 1336
224 1367
224 1694
225 260
225 273
225 313
225 316
225 484
225 638
225 684
225 715
225 815
225 1094
225 1098
225 1395
225 1633
225 1653
225 1677
225 1695
225 1704
225 1724
225 1741
226 289
226 320
226 410
226 549
226 766
226 851
226 884
226 954
226 1019
226 1160
226 1282
226 1304
226 1308
226 1758
226 1794
226 1817
226 1926
226 1946
227 249
227 562
227 574
227 625
227 634
227 904
227 939
227 1002
227 1181
227 1186
227 1526
227 1614
227 1827
227 1844
227 1902
227 1915
228 283
228 633
228 663
228 778
228 783
228 838
228 964
228 1026
228 1037
228 1232
228 1357
228 1408
228 1443
228 1491
228 1520
228 1723
228 1931
228 1987
228 1998
229 234
229 271
229 624
229 639
229 647
229 876
229 1075
229 1486
229 1694
230 234
230 1091
230 1634
230 1850
230 1924
230 1930
231 734
231 1031
231 1558
231 1652
231 1752
232 285
232 396
232 400
232 446
232 471
232 542
232 670
232 773
232 789
232 820
232 1250
232 1388
232 1511
232 1552
232 1647
232 1650
232 1652
233 732
233 781
233 852
233 1056
233 1313
233 1597
233 1980
234 235
234 604
234 626
234 660
234 1375
234 1756
234 1832
234 1998
235 271
235 392
235 483
235 572
235 593
235 656
235 695
235 858
235 889
235 1045
235 1144
235 1155
235 1236
235 1290
235 1355
235 1808
235 1889
236 449
236 456
236 646
236 794
236 907
236 1110
236 1315
236 1449
236 1473
237 240
237 286
237 371
237 537
237 606
237 677
237 1052
238 267
238 278
238 307
238 638
238 718
238 848
238 870
238 973
238 1173
238 1414
238 1640
238 1743
238 1904
238 1914
238 1922
238 1994
239 280
239 340
239 386
239 532
239 858
239 1070
239 1234
239 1370
239 1551
239 1621
239 1694
239 1728
239 1771
240 273
240 355
240 378
240 423
240 935
240 1487
241 371
241 510
241 708
241 1127
241 1298
242 246
242 275
242 362
242 367
242 389
242 412
242 439
242 474
242 514
242 555
242 643
242 801
242 911
242 947
242 965
242 1067
242 1434
242 1535
243 314
243 685
243 896
243 914
243 1128
243 1146
243 1521
243 1762
243 1861
244 341
244 387
244 436
244 518
244 535
244 617
244 641
244 656
244 685
244 817
244 828
244 896
244 1031
244 1110
244 1682
244 1776
244 1784
245 269
245 306
245 390
245 437
245 450
245 472
245 1041
246 933
247 278
247 460
247 497
247 642
247 684
247 850
247 1165
247 1447
247 1459
247 1566
247 1890
248 301
248 504
248 778
248 810
248 834
248 1159
248 1446
248 1759
248 1794
249 265
249 272
249 355
249 456
249 783
249 819
249 826
249 968
249 1465
249 1550
249 1566
249 1955
250 291
250 315
250 480
250 558
250 725
250 1059
250 1163
250 1196
250 1215
250 1481
250 1682
250 1731
250 1827
251 329
251 346
251 480
251 552
251 626
251 650
251 693
251 882
251 932
251 985
251 1093
251 1693
251 1940
252 299
252 332
252 430
252 934
252 1011
252 1420
252 1509
252 1517
252 1629
253 267
253 567
253 616
253 635
253 637
253 777
253 915
253 1096
253 1392
253 1697
253 1719
253 1737
253 1976
254 371
254 520
254 978
254 1373
255 319
255 557
255 663
255 960
255 997
255 1005
255 1303
255 1487
255 1708
255 1938
256 1093
256 1317
257 553
257 631
257 653
257 902
257 1147
257 1212
257 1305
257 1436
257 1591
257 1867
257 1985
257 1986
258 319
258 414
258 447
258 600
258 1047
258 1058
258 1090
258 1117
258 1148
258 1300
258 1376
258 1419
258 1464
259 453
259 485
259 507
259 810
259 1736
259 1950
260 269
260 466
260 491
260 524
260 625
260 820
260 867
260 886
260 1016
260 1095
260 1171
260 1366
260 1549
260 1890
261 395
261 485
261 978
261 1163
261 1166
261 1177
261 1194
261 1259
261 1339
261 1490
261 1603
262 267
262 372
262 392
262 832
262 883
262 924
262 1849
262 1857
262 1977
263 277
263 308
263 467
263 594
263 703
263 846
263 857
263 1088
263 1204
263 1435
263 1630
263 1650
263 1729
263 1769
264 277
264 300
264 334
264 339
264 417
264 421
264 458
264 462
264 567
264 807
264 860
264 869
264 943
264 1076
264 1173
264 1195
264 1318
264 1461
264 1607
264 1818
264 1891
265 268
265 529
265 542
265 554
266 282
266 406
266 565
266 682
266 871
266 1123
266 1235
266 1584
266 1917
266 1947
267 299
267 333
267 461
267 635
267 840
267 856
267 1001
267 1080
267 1249
267 1473
267 1608
267 1800
267 1913
268 278
268 745
268 1167
269 571
269 642
269 1022
270 346
270 360
270 375
270 813
270 1538
271 553
271 609
271 615
271 1042
271 1119
271 1664
271 1846
272 283
272 464
272 884
272 1046
272 1249
272 1541
272 1619
272 1847
273 445
274 281
274 506
274 590
274 636
274 650
274 970
274 1002
274 1156
274 1536
274 1627
274 1679
275 1192
275 1657
275 1738
276 1422
276 1655
276 1852
276 1869
276 1978
277 329
277 421
277 470
277 577
277 1064
277 1100
277 1213
277 1373
277 1503
277 1738
277 1784
277 1816
278 335
278 373
278 459
278 576
278 911
278 1624
278 1864
279 727
279 755
279 774
279 1345
279 1432
279 1529
280 288
280 323
280 584
280 635
280 731
280 753
280 1067
280 1567
280 1730
281 330
281 615
281 622
281 794
281 807
281 962
281 1295
281 1323
281 1327
281 1544
281 1651
281 1734
281 1820
281 1838
281 1933
281 1967
282 321
282 422
282 468
282 766
282 790
282 921
282 1127
282 1130
282 1477
282 1515
282 1743
283 627
283 717
283 1096
283 1146
283 1505
283 1774
283 1858
283 1903
283 1982
284 293
284 470
284 477
284 1696
284 1823
285 361
285 407
285 715
285 937
285 1025
285 1055
285 1643
285 1716
285 1859
286 366
286 382
286 385
286 406
286 614
286 736
286 737
286 970
286 988
286 1084
286 1143
286 1151
286 1239
286 1567
286 1661
287 340
287 385
287 441
287 482
287 483
287 555
287 620
287 686
287 703
287 1065
287 1152
287 1289
287 1415
287 1436
287 1476
287 1512
287 1802
288 298
288 466
288 500
288 544
288 776
288 783
288 788
288 874
288 957
288 1009
288 1385
288 1426
288 1434
288 1599
288 1659
288 1741
288 1957
289 449
289 486
289 501
289 525
289 700
289 709
289 846
289 1019
289 1345
289 1943
290 351
290 462
290 589
290 632
290 824
290 863
291 580
291 591
291 902
291 960
291 1654
292 856
292 1006
292 1045
292 1539
293 411
293 640
293 1549
293 1591
293 1999
294 370
294 1151
294 1783
294 1924
295 407
295 543
295 763
296 310
296 433
296 439
296 628
296 784
296 1114
296 1116
297 379
297 668
297 732
297 846
298 388
298 412
298 428
298 688
298 722
298 812
298 915
298 1061
298 1212
298 1215
298 1254
299 413
299 471
299 994
300 304
300 514
300 670
300 888
300 1262
300 1853
301 389
301 1313
302 318
302 487
302 528
302 733
302 1106
302 1206
302 1659
303 357
303 362
303 457
303 463
303 945
303 1064
303 1151
303 1732
304 326
304 346
304 455
304 1141
304 1346
304 1378
304 1690
305 310
305 1840
305 1945
306 396
306 516
306 524
306 653
306 855
306 924
306 1035
306 1255
306 1357
306 1383
306 1409
307 458
307 666
307 728
307 1048
307 1858
308 464
308 505
308 530
308 973
308 985
308 1119
308 1278
308 1475
308 1582
308 1685
308 1713
308 1994
309 449
309 920
309 1978
310 334
310 418
310 484
310 1051
310 1681
310 1693
310 1872
311 327
311 465
311 486
311 519
311 894
311 1129
311 1165
311 1176
311 1423
311 1543
311 1744
312 347
312 404
312 420
312 945
312 1048
312 1140
312 1427
313 1455
313 1465
314 649
314 1326
314 1484
314 1656
315 339
315 347
315 859
315 941
315 1346
315 1426
315 1444
315 1465
315 1648
315 1667
315 1955
316 463
316 694
316 807
316 909
316 910
316 1041
316 1070
316 1180
316 1275
316 1405
316 1527
316 1572
316 1748
316 1779
316 1917
317 704
317 764
317 839
317 890
317 894
317 1049
317 1272
317 1569
318 349
318 373
318 380
318 399
318 408
318 443
318 449
318 484
318 514
318 526
318 596
318 613
318 678
318 810
318 827
318 867
318 933
318 955
318 976
318 1088
318 1132
318 1242
318 1333
318 1435
318 1481
318 1588
318 1674
318 1703
318 1818
318 1870
318 1883
319 686
319 1179
319 1366
320 391
320 583
320 675
320 776
320 1001
320 1144
320 1433
320 1549
320 1671
320 1711
321 497
321 1169
321 1277
321 1440
321 1949
322 473
322 1133
322 1267
322 1419
322 1601
322 1957
323 372
323 789
323 835
323 1027
323 1088
323 1699
323 1832
323 1952
324 463
324 478
324 1523
324 1532
324 1534
324 1558
324 1849
324 1935
325 477
325 1105
326 551
326 772
326 837
326 846
326 1319
326 1550
327 348
327 495
327 502
327 586
327 632
327 739
327 916
327 1146
327 1376
327 1441
327 1807
328 445
328 487
328 523
328 643
328 1393
329 359
329 629
329 662
329 1091
329 1383
329 1490
329 1639
329 1670
329 1802
329 1806
329 1887
329 1999
330 444
330 511
330 1503
330 1705
330 1878
330 1958
331 366
331 658
331 702
331 927
331 1120
331 1155
331 1191
331 1358
331 1593
331 1659
331 1784
331 1865
332 558
332 576
332 620
332 1336
332 1654
332 1773
333 425
333 622
333 992
333 1130
333 1145
333 1386
333 1852
334 455
334 569
334 580
334 613
334 803
334 848
334 1046
334 1661
335 630
335 853
335 1606
335 1638
335 1648
335 1660
336 448
336 754
336 908
337 404
337 616
337 817
337 962
337 1001
337 1207
337 1277
337 1757
337 1826
337 1913
338 386
338 400
338 885
338 967
338 974
338 998
338 1054
338 1728
338 1785
338 1788
339 599
339 610
339 637
339 824
339 947
339 971
339 1039
339 1193
339 1235
339 1333
339 1403
339 1745
340 416
340 746
340 1111
340 1226
340 1555
340 1977
341 343
341 372
341 578
341 1017
341 1823
342 408
342 637
342 964
342 1120
342 1408
343 394
343 480
343 552
343 882
343 1007
343 1166
343 1655
343 1671
343 1696
344 665
344 831
344 1243
344 1866
344 1922
345 349
345 382
345 739
345 762
345 853
345 873
345 1024
345 1231
345 1621
345 1704
346 378
346 1920
347 1349
347 1381
348 1765
349 464
349 491
349 1612
350 569
350 961
350 1245
350 1906
351 494
351 529
351 564
351 572
352 361
352 1015
352 1073
352 1172
352 1317
352 1624
352 1762
353 429
353 530
353 598
353 758
353 783
353 1289
353 1354
353 1406
353 1470
353 1739
353 1812
353 1967
354 491
354 601
354 608
354 796
354 1279
354 1619
354 1779
354 1943
355 524
355 658
355 746
355 887
355 1014
355 1558
355 1768
356 599
356 758
356 782
356 1114
356 1433
356 1559
356 1797
357 397
357 1170
357 1220
357 1677
357 1846
358 374
358 1338
358 1363
358 1508
359 1329
359 1981
360 551
360 636
360 795
360 1038
360 1049
360 1075
360 1109
360 1964
361 501
361 590
361 1880
362 440
362 707
362 768
362 835
362 893
362 985
362 1002
362 1062
362 1633
362 1741
363 397
363 760
363 907
363 1025
363 1254
363 1586
364 515
364 767
364 910
364 1018
364 1240
364 1537
364 1594
365 450
365 689
365 774
365 1057
365 1477
365 1563
366 543
366 1232
367 368
367 374
367 473
367 485
367 521
367 560
367 661
367 1099
367 1114
367 1754
367 1965
367 1979
368 456
368 955
368 1050
368 1222
368 1322
368 1478
368 1556
368 1618
369 959
369 1683
369 1910
370 377
370 444
370 532
370 615
370 659
370 772
370 800
370 826
370 1497
370 1623
370 1959
371 633
371 710
372 378
372 788
372 1259
372 1391
373 390
373 599
373 756
373 769
373 833
373 953
373 1077
373 1754
373 1979
374 1020
374 1207
374 1812
375 416
375 419
375 476
375 711
375 846
375 1112
375 1700
375 1816
375 1915
375 1920
376 443
376 694
376 727
376 749
376 764
376 892
376 903
376 940
376 995
376 1030
376 1068
376 1152
376 1844
376 1918
377 396
377 540
377 689
377 712
377 716
377 783
377 828
377 1123
377 1131
377 1222
377 1376
377 1916
377 1934
378 403
378 462
378 509
378 610
378 918
378 1683
379 481
379 678
379 788
379 869
379 1775
380 491
380 504
380 570
380 675
380 679
380 921
380 951
380 1063
380 1092
380 1131
380 1332
380 1407
380 1864
380 1986
381 413
381 594
381 641
381 1097
381 1171
381 1349
381 1389
381 1430
381 1572
382 874
382 1024
382 1214
382 1281
382 1425
383 966
383 1389
384 387
384 690
384 914
384 1041
384 1053
384 1170
384 1704
385 537
385 608
385 774
386 429
386 1047
386 1254
386 1786
387 433
387 444
387 516
387 523
387 705
387 814
387 890
387 941
387 1005
387 1062
387 1297
387 1419
387 1523
387 1666
387 1942
388 539
388 681
388 729
389 635
390 1151
390 1635
391 549
391 744
391 988
391 1608
392 500
392 645
393 600
393 1450
394 1959
395 637
395 646
395 722
395 760
395 827
395 1195
395 1624
395 1893
395 1930
396 508
396 512
396 643
396 747
396 762
396 847
396 882
396 1040
396 1149
396 1234
396 1295
396 1889
397 638
397 676
397 977
397 1201
397 1288
397 1456
397 1592
397 1963
398 421
398 535
398 687
398 1651
399 477
399 598
399 867
399 1216
399 1364
399 1409
399 1438
399 1535
399 1720
399 1789
400 545
400 942
400 1365
400 1443
400 1533
400 1605
400 1972
401 546
401 838
401 905
401 972
401 1589
401 1762
402 506
402 965
402 1081
402 1209
402 1451
402 1486
402 1580
402 1591
403 660
403 759
403 849
403 1023
403 1026
403 1168
403 1255
404 465
404 483
404 500
404 585
404 702
404 745
404 1165
404 1387
404 1835
404 1971
405 633
405 1326
405 1392
405 1517
405 1827
406 1158
406 1489
406 1499
407 831
407 1033
407 1035
408 841
408 1237
408 1610
408 1790
408 1995
409 492
409 524
409 667
409 836
409 902
409 1065
409 1424
409 1600
409 1850
410 455
410 459
410 503
410 525
410 809
410 1122
410 1177
410 1334
410 1483
410 1643
411 984
411 1480
411 1593
411 1895
412 1062
413 644
413 973
414 1102
414 1118
414 1427
414 1622
414 1674
414 1782
414 1941
414 1971
414 1989
415 432
415 558
415 731
415 737
415 1413
415 1935
416 733
416 923
417 430
417 481
417 535
417 643
417 647
417 754
417 814
417 958
417 1046
417 1064
417 1197
417 1361
417 1462
417 1493
418 427
418 510
418 775
418 805
418 850
418 913
418 1119
418 1360
418 1365
418 1396
418 1660
418 1849
418 1899
418 1966
418 1994
420 517
420 730
420 1134
420 1653
420 1752
421 434
421 544
421 634
421 673
421 724
421 997
421 1016
421 1021
421 1342
421 1494
421 1666
421 1763
422 464
422 867
422 1285
423 579
423 1399
423 1497
424 735
424 833
424 1072
424 1145
424 1247
424 1454
425 426
425 1042
425 1131
426 667
426 725
426 1278
426 1624
427 498
427 586
427 1063
427 1327
427 1950
428 752
429 432
429 435
429 453
429 559
429 581
429 603
429 740
429 1049
429 1212
429 1469
429 1499
429 1701
430 469
430 509
430 553
430 556
430 584
430 601
430 655
430 716
430 787
430 1036
430 1124
430 1201
430 1363
430 1383
430 1490
430 1499
430 1749
430 1993
431 452
431 461
431 904
431 1160
431 1170
431 1264
431 1265
431 1346
431 1359
431 1689
431 1747
432 551
432 685
432 696
432 838
432 924
432 1180
432 1390
432 1412
433 708
433 756
433 854
433 1186
433 1258
433 1395
433 1494
433 1535
433 1735
434 445
434 645
434 701
434 792
434 1045
434 1102
434 1185
434 1248
434 1430
434 1749
434 1804
434 1888
434 1990
435 562
435 1019
435 1852
435 1868
436 711
436 915
437 768
437 1649
438 578
438 579
438 1008
438 1369
438 1547
438 1620
439 678
439 1181
440 665
440 843
440 879
440 1430
440 1546
440 1644
441 496
441 992
441 1071
441 1148
441 1286
441 1293
441 1420
441 1488
441 1495
441 1723
441 1875
442 824
442 872
442 1300
442 1321
442 1697
442 1847
443 512
443 697
443 817
443 1677
443 1681
444 832
444 949
444 967
445 683
445 830
446 1088
446 1683
447 536
447 560
447 998
447 1444
447 1756
448 510
448 1711
448 1761
448 1822
448 1911
448 1944
449 1263
449 1480
450 460
450 559
450 576
450 1183
450 1284
450 1662
451 543
451 1176
451 1512
451 1680
452 885
452 1046
452 1113
453 557
453 1252
453 1351
453 1361
453 1664
453 1670
453 1842
454 1947
455 500
455 747
455 1181
455 1868
456 899
457 1066
457 1617
458 493
458 713
458 714
458 768
458 1049
458 1183
458 1188
458 1657
459 631
460 470
460 1590
460 1721
460 1844
461 763
461 887
461 1329
461 1349
461 1368
461 1372
461 1881
461 1943
462 618
462 912
462 943
462 1428
462 1519
463 502
464 478
464 587
464 728
464 1079
464 1417
465 512
465 698
465 1052
465 1289
465 1589
465 1741
465 1765
465 1837
466 791
467 473
467 736
467 1251
467 1514
468 476
468 522
468 578
468 831
468 845
468 996
468 1375
468 1421
468 1690
468 1848
468 1871
468 1874
469 717
469 1020
469 1038
469 1933
470 506
470 520
470 581
470 1296
470 1457
470 1560
470 1782
470 1870
471 736
471 874
471 1252
471 1909
472 751
472 943
472 984
472 1040
472 1121
472 1347
472 1351
472 1719
473 598
473 741
473 829
473 980
473 1217
473 1653
473 1675
473 1875
474 817
474 929
474 1364
474 1710
474 1883
475 482
475 533
475 1122
476 688
476 905
476 1108
476 1169
476 1912
477 766
478 534
478 536
478 818
478 913
478 962
478 1054
478 1550
478 1610
479 1140
479 1194
479 1787
479 1848
480 1003
480 1097
480 1118
480 1242
480 1655
481 503
481 767
481 1042
481 1429
481 1630
481 1734
482 583
482 1294
482 1596
482 1688
483 1330
484 540
484 573
484 675
484 951
484 1339
485 504
485 540
485 956
485 1736
486 705
486 763
486 808
486 864
486 1066
486 1093
486 1112
486 1240
486 1508
486 1655
486 1698
486 1838
487 756
487 981
487 1280
487 1533
487 1926
488 512
488 868
488 1661
489 1562
489 1632
490 658
490 659
490 672
491 565
492 730
492 794
492 877
492 1842
493 525
493 597
493 630
493 644
493 654
493 670
493 766
493 814
493 847
493 989
493 1035
493 1107
493 1276
493 1398
493 1990
494 1171
494 1546
494 1633
494 1911
495 976
495 1208
495 1431
495 1712
495 1713
495 1856
496 845
496 1162
496 1530
496 1698
497 712
497 726
497 1016
497 1129
497 1248
497 1507
497 1520
497 1613
498 532
498 648
498 1108
498 1175
498 1187
498 1863
498 1916
498 1936
499 521
499 604
499 645
499 752
499 1198
499 1266
500 729
500 1326
500 1381
500 1599
500 1716
501 1111
501 1207
501 1708
501 1721
502 921
502 1027
502 1244
502 1307
502 1359
502 1692
503 904
503 1157
503 1750
504 563
504 671
504 711
504 864
504 1044
504 1158
504 1324
504 1525
505 1275
506 519
506 607
506 800
506 845
506 854
506 881
506 882
506 958
506 1833
507 1143
507 1381
507 1996
508 923
508 1168
508 1711
508 1885
509 680
510 880
510 1240
510 1365
510 1717
511 631
511 708
511 1973
512 1230
513 776
514 642
514 802
514 892
514 1030
514 1206
514 1243
514 1411
514 1868
515 649
515 715
515 766
515 829
515 1377
515 1442
515 1828
515 1949
516 786
516 1271
517 520
517 548
517 568
517 604
517 680
517 735
517 956
517 964
517 1274
517 1362
517 1562
517 1674
518 1337
518 1733
519 771
519 1704
520 1067
521 613
521 621
521 703
521 816
521 888
521 1116
521 1286
521 1353
521 1412
522 550
522 571
522 773
522 865
522 882
522 1111
522 1163
522 1322
522 1576
522 1627
522 1647
523 608
523 1031
523 1288
523 1453
523 1678
523 1818
524 582
524 754
524 831
524 839
524 865
524 966
524 1040
524 1183
524 1316
524 1493
524 1511
524 1611
524 1999
525 562
525 1085
526 821
526 920
526 984
526 1082
526 1097
526 1117
526 1296
526 1453
526 1568
526 1580
526 1685
527 1714
527 1731
527 1792
528 931
529 812
529 1482
529 1680
529 1744
530 780
530 963
530 973
530 1017
530 1041
530 1290
530 1390
530 1398
530 1583
530 1618
530 1678
531 673
531 674
531 729
531 809
531 1029
531 1086
531 1197
531 1302
531 1383
531 1438
531 1571
531 1851
532 706
532 895
532 1125
532 1487
532 1657
533 549
533 569
533 629
533 811
533 835
533 1641
533 1787
534 1212
534 1524
534 1918
535 808
535 1018
535 1115
535 1271
535 1991
536 727
537 564
537 1128
538 575
538 686
538 1008
538 1086
538 1105
538 1388
538 1625
538 1636
538 1819
538 1964
539 612
539 919
539 1091
539 1184
539 1935
540 596
540 1417
540 1561
540 1882
541 630
541 894
541 977
541 979
541 1606
542 791
542 850
542 853
542 1007
542 1565
542 1586
542 1611
542 1861
542 1909
542 1937
543 982
543 1104
543 1284
543 1583
543 1625
543 1661
543 1758
544 606
544 752
544 834
544 911
544 952
544 1162
544 1426
544 1579
544 1583
544 1747
544 1839
544 1953
545 557
545 673
545 803
545 1870
545 1961
546 825
546 863
546 1209
546 1292
546 1886
546 1987
547 625
547 666
547 921
547 1253
547 1266
547 1276
547 1296
547 1316
547 1352
547 1355
547 1399
547 1507
547 1590
548 713
548 797
548 897
548 909
548 972
548 1151
548 1258
548 1338
548 1783
549 693
549 875
549 901
549 988
549 1000
549 1021
549 1226
549 1242
549 1428
549 1609
549 1753
550 1116
551 573
551 713
551 721
551 741
551 972
551 1368
552 1097
552 1255
552 1355
552 1448
552 1641
553 596
553 648
553 688
553 974
553 1594
553 1786
553 1986
554 1092
554 1397
554 1636
555 1802
556 603
556 1032
556 1082
556 1405
556 1867
557 1532
557 1682
557 1732
558 758
558 970
558 1892
559 757
559 1022
559 1089
559 1208
559 1246
559 1382
559 1911
560 641
560 655
560 980
561 1074
561 1535
561 1811
562 837
563 574
563 773
563 908
563 948
563 1148
563 1367
564 1832
565 879
565 926
565 927
565 995
565 1038
566 754
566 826
566 1410
566 1440
567 597
567 887
567 1054
567 1160
567 1387
567 1538
567 1705
568 622
568 812
568 832
568 1390
568 1450
568 1502
568 1973
569 976
569 1071
569 1174
569 1336
569 1431
570 585
570 643
570 950
570 1037
571 767
571 798
571 1107
571 1350
571 1965
572 619
572 957
572 1006
572 1412
572 1510
572 1849
572 1887
572 1904
573 680
573 1396
573 1512
574 1115
574 1135
574 1585
574 1701
575 610
576 740
577 661
577 717
577 1069
578 623
578 738
578 918
578 1085
578 1411
579 724
579 748
579 1057
579 1085
579 1124
579 1140
579 1258
579 1321
579 1416
579 1796
579 1893
579 1931
579 1948
580 1695
581 666
581 863
581 967
581 1273
581 1410
581 1571
582 1250
582 1380
582 1981
583 744
583 1167
583 1378
583 1686
584 605
584 878
584 957
585 705
585 1429
586 588
586 942
586 1301
586 1623
587 1439
588 1584
589 694
589 1846
590 1458
591 792
591 936
591 971
591 1763
591 1997
592 886
592 1623
592 1763
593 627
593 838
593 1133
593 1599
593 1646
593 1667
593 1683
593 1780
594 600
594 977
594 1079
594 1172
594 1453
594 1463
594 1668
594 1802
595 1029
595 1190
597 694
597 716
597 765
597 1138
597 1178
597 1419
597 1772
598 1304
599 674
599 907
599 923
599 1408
599 1428
599 1582
600 1224
601 663
601 791
601 934
601 1516
601 1701
601 1768
601 1871
601 1974
602 1243
602 1609
603 931
603 1002
603 1395
603 1612
603 1895
604 616
604 818
604 863
604 1031
604 1296
604 1320
604 1330
604 1403
604 1898
605 866
605 946
605 1159
605 1289
606 1529
607 687
608 913
608 1081
608 1106
608 1138
608 1304
608 1432
608 1559
608 1873
608 1897
608 1936
609 1141
610 825
610 1070
610 1360
610 1788
611 1027
611 1561
613 620
613 987
613 989
613 1257
613 1328
613 1335
614 927
614 975
614 990
614 1026
614 1567
614 1662
614 1765
614 1791
614 1979
615 1395
616 621
616 842
616 959
616 983
616 1171
616 1195
616 1422
616 1608
616 1849
616 1984
617 955
617 1547
618 796
618 859
618 1244
618 1640
619 924
619 1305
619 1635
619 1888
619 1961
620 925
620 958
620 1748
621 1221
621 1960
622 695
622 1799
623 699
623 799
623 1176
624 647
624 650
624 1312
624 1327
624 1433
624 1722
624 1754
625 711
625 723
625 1837
626 666
626 794
626 894
626 1514
626 1545
626 1557
626 1734
626 1999
627 1826
627 1956
628 743
628 765
628 830
628 1228
628 1361
629 647
629 821
629 1201
629 1656
629 1808
629 1945
630 645
630 706
630 890
630 936
630 1126
630 1134
630 1245
630 1324
630 1357
630 1385
630 1437
630 1470
630 1567
630 1854
631 751
631 778
631 1945
632 1628
633 734
633 765
633 1300
633 1380
633 1724
633 1790
633 1822
634 1030
634 1169
634 1968
635 874
635 1194
635 1584
636 742
636 1498
636 1600
636 1714
636 1910
636 1946
637 642
637 699
637 706
637 707
639 676
639 721
639 787
639 1179
639 1584
639 1731
639 1910
640 821
640 1062
640 1201
641 691
641 823
641 1290
641 1526
642 816
642 1513
642 1826
643 668
643 860
643 872
643 940
643 1060
643 1094
643 1450
644 999
644 1200
644 1353
644 1877
645 767
645 1473
645 1556
647 724
647 909
647 928
647 1065
647 1176
648 684
648 764
649 762
649 1258
649 1730
650 875
650 899
650 989
650 1132
650 1189
650 1318
650 1533
650 1564
650 1841
651 733
651 784
651 911
651 943
651 1133
651 1334
651 1386
652 887
652 1170
652 1174
652 1467
653 1210
653 1842
654 763
654 1400
654 1871
655 784
656 847
656 865
656 961
658 670
658 719
658 1128
658 1220
659 718
659 873
659 899
659 1260
659 1527
659 1859
661 912
662 862
662 898
662 1137
662 1955
663 814
663 1479
663 1541
663 1979
664 849
664 1275
664 1778
664 1815
664 1864
664 1938
665 910
665 922
665 1273
666 796
666 905
667 1013
668 810
668 1142
668 1382
668 1458
668 1685
669 1611
669 1906
670 1125
670 1198
670 1724
671 717
671 854
671 1112
671 1245
671 1799
672 726
672 978
672 1236
672 1241
672 1509
672 1555
672 1615
672 1963
673 1004
673 1128
674 774
674 800
675 681
675 925
675 1722
675 1874
676 681
676 862
676 1053
676 1586
676 1598
676 1715
677 1069
677 1522
678 1805
679 1158
679 1198
679 1313
679 1629
679 1785
679 1824
680 689
680 877
680 989
680 1435
680 1980
681 1329
681 1954
684 1821
684 1834
685 886
685 1757
686 795
686 944
686 993
686 1184
687 728
687 1799
688 690
688 853
688 977
688 1139
689 753
689 762
689 775
689 897
689 969
689 1134
689 1415
689 1921
690 898
690 1108
690 1114
690 1115
690 1464
691 696
691 1603
691 1652
691 1836
692 1024
692 1839
693 769
693 1103
693 1647
694 1628
695 707
695 1267
695 1278
695 1325
695 1614
695 1694
696 1019
696 1160
696 1193
696 1463
696 1585
696 1790
698 720
698 811
700 1178
700 1393
700 1698
700 1727
701 1223
701 1555
702 843
702 1313
703 932
704 865
704 913
704 937
704 938
704 1632
704 1778
705 792
705 1053
706 1121
706 1148
706 1455
707 786
707 1544
708 1913
709 1045
710 790
710 850
710 1211
710 1247
710 1249
710 1274
710 1578
710 1595
710 1604
710 1679
710 1829
711 990
711 1706
712 733
712 758
712 1056
712 1095
712 1278
712 1341
712 1527
713 959
713 1072
713 1513
714 863
714 1271
714 1457
715 1109
715 1270
715 1293
715 1693
715 1866
716 769
716 1132
716 1203
716 1267
716 1382
716 1482
716 1562
716 1715
716 1791
717 1322
717 1534
718 1332
718 1371
718 1907
719 999
719 1522
720 805
720 958
720 1015
720 1119
720 1123
720 1350
720 1537
720 1573
721 906
721 965
721 1281
721 1303
721 1618
721 1664
721 1937
722 1969
723 1059
723 1529
723 1788
724 736
724 806
724 852
724 1167
724 1364
724 1790
724 1960
725 976
725 1692
725 1816
725 1964
726 991
726 1271
726 1568
727 734
727 1038
727 1104
727 1614
727 1734
728 969
728 1272
728 1310
728 1419
728 1491
728 1645
729 761
729 930
729 1281
730 1429
731 915
731 1743
732 1504
732 1939
733 743
733 954
733 1442
733 1485
734 1698
734 1877
734 1955
736 1471
736 1723
737 1263
737 1823
737 1898
738 897
738 905
738 1324
739 1297
740 871
740 1154
741 966
741 981
741 1003
741 1054
741 1080
741 1578
742 1884
744 919
744 972
744 1150
744 1180
744 1479
744 1716
744 1821
744 1867
744 1891
745 1025
745 1221
745 1638
745 1986
746 1740
747 1325
747 1889
747 1983
748 749
748 1344
749 1502
750 793
750 884
750 1230
750 1332
750 1418
750 1736
750 1775
750 1885
751 806
751 1967
752 1391
754 857
754 1043
754 1316
754 1397
754 1672
754 1692
756 855
756 885
756 1010
756 1191
756 1212
756 1298
756 1604
756 1780
756 1853
757 1031
757 1266
757 1579
758 1121
758 1587
758 1700
758 1963
759 1382
759 1454
759 1718
760 1105
760 1523
761 1670
762 1236
763 994
763 1035
763 1100
763 1474
763 1503
763 1542
763 1588
763 1723
763 1873
763 1995
764 892
764 948
764 954
764 1616
765 1515
765 1564
765 1867
767 1161
767 1737
768 900
769 1815
770 1277
770 1699
770 1987
772 778
772 1216
772 1848
773 901
773 1301
773 1775
773 1968
774 1378
774 1492
774 1753
776 1306
776 1440
777 792
777 916
777 1134
777 1145
777 1759
777 1813
777 1814
778 1159
779 849
780 1096
780 1184
780 1394
780 1689
781 1786
781 1798
783 1498
783 1980
784 853
784 1306
784 1458
784 1728
784 1737
785 963
785 1139
785 1208
785 1259
785 1546
785 1607
785 1644
785 1935
786 952
787 919
787 1036
787 1261
787 1343
787 1572
787 1655
788 947
788 1273
788 1291
788 1317
788 1932
789 1342
790 1442
790 1934
791 840
791 1014
791 1087
791 1397
791 1794
792 908
792 1720
793 1892
794 875
794 896
794 1340
794 1413
794 1603
794 1704
794 1826
794 1924
795 1030
795 1112
795 1260
795 1280
795 1843
796 1142
796 1244
796 1415
797 974
797 1002
797 1326
797 1401
798 864
798 952
798 1264
798 1653
798 1777
799 1136
800 1008
800 1129
800 1331
801 1476
802 1592
803 1620
804 1327
805 1111
805 1638
806 852
806 978
806 1185
806 1462
806 1709
806 1851
807 986
807 1013
807 1053
807 1205
807 1309
807 1338
807 1513
807 1676
809 820
809 1156
809 1469
810 1320
811 979
811 1427
812 1527
812 1617
812 1975
815 1368
816 818
816 856
816 1113
816 1207
816 1256
816 1500
819 826
819 1033
819 1134
820 1627
821 1086
821 1563
823 1167
823 1288
823 1851
823 1974
824 855
824 1621
824 1953
825 977
827 1624
828 891
828 1217
828 1914
829 896
829 1285
829 1976
830 918
831 937
831 1245
831 1451
831 1462
832 900
833 860
833 1073
833 1460
833 1468
833 1493
833 1547
833 1838
834 1414
835 1153
836 1322
836 1324
836 1385
836 1536
837 1011
837 1047
837 1093
837 1485
837 1806
837 1809
838 1389
840 933
840 1316
841 942
842 1231
843 1477
843 1480
843 1813
845 1818
846 998
846 1768
847 920
847 1610
848 1069
848 1456
848 1707
849 1233
851 1072
851 1224
851 1903
852 891
852 1507
852 1519
852 1700
852 1767
853 1007
855 1467
855 1654
855 1669
856 1055
856 1347
856 1372
856 1673
856 1766
857 996
857 1096
857 1246
857 1375
858 949
859 1777
861 895
861 992
861 1343
861 1597
861 1714
862 1557
862 1702
862 1812
863 1071
864 981
865 1265
865 1573
866 1165
866 1416
866 1687
867 1089
867 1460
868 1190
868 1472
868 1576
868 1771
868 1890
868 1966
868 1981
869 1267
869 1619
869 1644
869 1923
870 1001
871 1059
871 1349
871 1532
871 1853
871 1862
871 1952
872 1124
873 1237
873 1370
873 1547
874 1020
874 1055
874 1228
875 1177
875 1479
876 893
876 1222
876 1358
876 1548
876 1988
877 980
877 998
877 1117
877 1204
877 1407
877 1941
879 1482
879 1632
879 1873
879 1943
879 1974
880 1220
880 1546
881 1367
881 1517
882 1174
882 1299
884 1308
884 1643
885 1120
885 1667
886 1335
886 1831
887 944
887 1482
887 1664
888 922
888 1342
888 1970
889 1043
889 1823
890 1077
890 1352
891 1106
891 1394
892 1073
892 1281
892 1379
892 1581
892 1598
892 1687
893 1404
893 1693
893 1699
893 1837
893 1854
894 900
894 1135
894 1384
894 1501
894 1629
894 1893
895 948
895 1040
895 1242
895 1379
896 910
896 993
896 1223
897 1951
898 1247
898 1310
898 1490
898 1807
898 1869
898 1904
899 1445
899 1727
899 1905
900 936
900 1248
900 1956
901 1126
901 1227
902 1746
903 983
903 1166
903 1169
903 1196
903 1372
903 1828
905 1499
906 1616
906 1642
907 1823
907 1854
908 914
908 1465
910 959
910 1466
910 1900
911 1820
912 1733
913 1127
913 1841
914 968
915 992
915 1646
916 1909
920 1214
920 1817
920 1952
921 933
921 1609
922 1082
922 1411
923 1678
923 1854
923 1945
924 1263
925 1458
927 998
927 1924
928 1645
929 938
929 971
929 973
929 979
929 1077
929 1164
929 1285
929 1356
929 1491
929 1565
930 1014
933 1008
933 1068
934 1625
934 1878
935 1517
935 1821
936 1443
936 1537
936 1816
937 1021
937 1054
937 1538
937 1669
938 949
938 1357
940 1735
941 1639
942 1145
942 1202
942 1634
942 1641
942 1896
944 1480
945 1022
945 1071
945 1382
945 1436
945 1710
946 1208
946 1569
946 1961
947 1086
947 1359
947 1752
947 1855
948 1630
950 1034
950 1178
950 1378
951 1579
952 1118
952 1323
952 1570
952 1994
953 981
953 1034
953 1772
954 1127
955 997
955 1223
955 1707
957 1328
958 1319
958 1692
958 1874
959 1141
960 963
960 1076
960 1269
960 1635
961 1191
961 1485
962 1250
962 1815
963 1387
963 1407
963 1959
964 1699
965 1194
965 1246
965 1309
965 1344
965 1370
965 1441
965 1737
965 1824
966 1273
966 1992
967 1400
967 1439
968 1048
968 1193
968 1222
968 1328
968 1548
968 1603
968 1764
968 1797
969 1010
969 1020
969 1721
970 1280
970 1769
971 994
971 1271
971 1519
971 1703
972 1358
972 1439
972 1689
973 1099
973 1147
973 1262
973 1609
973 1637
973 1832
973 1939
974 993
975 1499
975 1666
975 1716
975 1836
976 1050
976 1363
980 1538
980 1671
981 1003
981 1028
981 1255
981 1404
981 1420
981 1484
983 1085
983 1573
984 1346
984 1541
985 1718
985 1899
986 1167
986 1229
987 1256
987 1425
988 1041
989 1204
989 1617
989 1647
989 1652
991 1074
991 1203
991 1257
991 1308
991 1484
993 1576
993 1829
994 1374
995 1033
995 1101
995 1287
995 1833
995 1908
995 1978
996 1081
996 1090
996 1702
998 1980
999 1028
999 1846
1000 1155
1000 1901
1001 1039
1001 1049
1001 1347
1003 1838
1004 1007
1004 1224
1004 1429
1004 1530
1004 1669
1004 1712
1006 1503
1007 1188
1007 1347
1007 1443
1007 1573
1008 1010
1008 1101
1008 1221
1009 1942
1011 1385
1011 1593
1011 1817
1011 1919
1012 1126
1013 1068
1014 1098
1014 1257
1014 1294
1014 1896
1014 1928
1015 1203
1015 1588
1015 1877
1015 1944
1016 1356
1016 1406
1018 1093
1018 1893
1020 1530
1022 1234
1023 1341
1023 1490
1025 1178
1025 1544
1025 1729
1026 1745
1026 1766
1026 1864
1027 1180
1027 1244
1027 1470
1027 1661
1029 1797
1029 1950
1031 1847
1032 1272
1033 1105
1033 1426
1033 1702
1034 1858
1035 1398
1036 1260
1036 1405
1037 1076
1037 1219
1037 1673
1038 1086
1038 1424
1040 1958
1041 1696
1042 1440
1042 1749
1044 1185
1045 1058
1045 1991
1046 1676
1047 1474
1048 1149
1048 1150
1048 1312
1048 1636
1048 1970
1049 1329
1049 1569
1049 1663
1049 1783
1049 1809
1049 1941
1050 1452
1050 1488
1050 1489
1050 1645
1051 1308
1052 1480
1055 1066
1055 1131
1055 1533
1056 1066
1056 1721
1056 1985
1057 1120
1057 1747
1058 1742
1058 1801
1059 1374
1059 1556
1060 1175
1060 1446
1061 1702
1061 1840
1062 1553
1063 1831
1064 1596
1066 1680
1067 1644
1067 1954
1068 1948
1069 1099
1069 1264
1069 1670
1070 1639
1070 1725
1070 1781
1071 1135
1071 1803
1071 1942
1072 1075
1072 1133
1072 1525
1072 1648
1073 1261
1073 1577
1075 1083
1075 1341
1075 1390
1075 1423
1075 1605
1077 1196
1077 1371
1077 1375
1078 1175
1078 1232
1078 1726
1079 1160
1079 1219
1081 1101
1083 1469
1083 1879
1086 1423
1087 1473
1089 1884
1090 1432
1090 1953
1091 1164
1091 1957
1092 1474
1093 1100
1093 1233
1093 1475
1095 1914
1097 1205
1101 1348
1102 1416
1102 1906
1103 1173
1103 1844
1103 1855
1103 1991
1104 1413
1104 1431
1104 1611
1105 1773
1105 1840
1106 1302
1106 1868
1107 1129
1107 1595
1108 1139
1109 1331
1109 1428
1109 1568
1109 1612
1110 1560
1111 1315
1113 1181
1114 1352
1114 1742
1115 1605
1116 1342
1117 1131
1117 1219
1118 1122
1118 1350
1118 1424
1118 1512
1119 1936
1120 1216
1120 1345
1121 1445
1121 1540
1121 1801
1121 1830
1121 1929
1122 1291
1122 1953
1123 1472
1123 1933
1124 1367
1124 1471
1124 1622
1125 1997
1126 1305
1126 1571
1126 1819
1127 1560
1127 1996
1128 1354
1128 1409
1128 1464
1128 1731
1129 1903
1131 1759
1132 1774
1134 1555
1136 1397
1136 1724
1136 1872
1136 1900
1137 1626
1138 1345
1139 1348
1140 1340
1140 1506
1140 1827
1141 1203
1141 1266
1141 1658
1142 1429
1142 1803
1143 1439
1143 1944
1145 1287
1145 1368
1145 1797
1146 1459
1146 1814
1147 1202
1147 1228
1147 1401
1147 1455
1148 1591
1148 1678
1148 1791
1149 1265
1149 1306
1149 1543
1149 1698
1149 1728
1149 1940
1150 1466
1152 1313
1152 1602
1153 1215
1153 1863
1154 1446
1154 1533
1154 1777
1155 1430
1157 1359
1157 1923
1162 1945
1163 1251
1163 1360
1163 1464
1163 1679
1163 1827
1164 1585
1165 1586
1167 1310
1167 1748
1167 1940
1168 1488
1169 1202
1169 1213
1169 1348
1169 1472
1169 1498
1170 1468
1170 1668
1171 1825
1172 1385
1173 1427
1174 1226
1175 1281
1175 1950
1176 1312
1178 1262
1178 1327
1178 1399
1178 1861
1179 1663
1179 1706
1181 1454
1182 1863
1183 1258
1183 1581
1184 1232
1184 1253
1184 1410
1184 1534
1186 1225
1187 1747
1188 1269
1189 1428
1191 1927
1192 1688
1192 1693
1194 1596
1194 1686
1196 1226
1196 1387
1197 1470
1198 1947
1199 1697
1201 1214
1201 1522
1201 1766
1201 1921
1202 1657
1204 1880
1205 1292
1205 1359
1206 1227
1206 1274
1206 1506
1207 1415
1207 1569
1207 1618
1209 1236
1210 1293
1210 1793
1210 1958
1211 1632
1211 1938
1213 1672
1214 1541
1215 1255
1218 1291
1218 1393
1219 1989
1220 1871
1221 1238
1221 1293
1221 1614
1222 1566
1222 1600
1222 1646
1223 1518
1224 1268
1225 1857
1227 1555
1227 1679
1229 1630
1229 1751
1229 1835
1230 1535
1230 1969
1231 1738
1234 1880
1235 1712
1236 1339
1238 1276
1242 1372
1242 1596
1244 1379
1244 1536
1244 1781
1244 1926
1245 1542
1245 1965
1248 1288
1248 1502
1249 1719
1249 1758
1252 1409
1252 1531
1255 1324
1255 1642
1255 1803
1256 1328
1256 1865
1257 1352
1257 1450
1257 1478
1257 1749
1257 1767
1257 1894
1258 1598
1260 1613
1260 1724
1262 1550
1262 1834
1264 1365
1264 1445
1268 1816
1269 1686
1270 1760
1271 1389
1271 1642
1272 1513
1273 1709
1275 1298
1275 1825
1276 1592
1276 1744
1278 1925
1280 1445
1282 1397
1283 1444
1283 1526
1283 1911
1284 1438
1285 1367
1286 1682
1286 1746
1289 1311
1289 1743
1290 1523
1291 1376
1293 1615
1294 1578
1294 1671
1295 1722
1296 1461
1298 1362
1298 1462
1298 1858
1299 1538
1299 1794
1299 1998
1300 1388
1300 1835
1301 1770
1301 1888
1302 1601
1302 1761
1302 1782
1306 1579
1306 1880
1309 1895
1309 1902
1309 1928
1309 1965
1310 1426
1310 1643
1310 1725
1311 1543
1311 1570
1311 1843
1312 1335
1312 1415
1312 1875
1314 1356
1315 1560
1316 1321
1316 1434
1316 1735
1316 1910
1317 1416
1317 1447
1317 1518
1319 1337
1320 1763
1322 1789
1323 1521
1323 1531
1323 1596
1323 1954
1327 1750
1328 1505
1330 1657
1334 1608
1336 1420
1336 1761
1337 1735
1337 1759
1339 1590
1340 1552
1341 1448
1341 1777
1343 1540
1343 1989
1344 1463
1345 1711
1345 1749
1346 1497
1346 1685
1347 1542
1348 1767
1348 1843
1349 1786
1349 1993
1352 1357
1352 1732
1353 1471
1353 1654
1354 1513
1356 1940
1357 1577
1358 1408
1358 1519
1363 1446
1363 1585
1365 1745
1365 1886
1366 1551
1366 1676
1367 1495
1368 1400
1368 1525
1370 1421
1370 1580
1370 1822
1370 1881
1374 1435
1374 1491
1375 1882
1377 1626
1380 1524
1382 1446
1382 1636
1383 1688
1384 1977
1385 1708
1386 1786
1388 1509
1391 1447
1392 1759
1393 1673
1393 1778
1393 1820
1394 1557
1394 1859
1395 1502
1397 1554
1397 1575
1397 1757
1397 1984
1398 1621
1399 1515
1401 1501
1401 1571
1402 1757
1403 1874
1406 1851
1407 1870
1409 1514
1411 1780
1412 1563
1414 1508
1414 1603
1414 1753
1416 1629
1417 1787
1418 1899
1418 1959
1419 1832
1420 1459
1422 1675
1424 1960
1425 1710
1426 1623
1427 1932
1429 1639
1431 1501
1431 1904
1434 1489
1435 1763
1435 1875
1436 1616
1436 1631
1436 1649
1436 1812
1436 1890
1441 1771
1444 1615
1445 1486
1446 1622
1446 1746
1446 1813
1447 1488
1448 1815
1450 1767
1451 1620
1454 1460
1455 1700
1459 1639
1460 1780
1461 1562
1461 1937
1462 1795
1463 1822
1464 1607
1466 1599
1467 1690
1469 1479
1470 1793
1470 1886
1471 1554
1472 1539
1473 1819
1475 1678
1475 1857
1477 1792
1479 1894
1480 1504
1480 1925
1482 1881
1484 1799
1485 1762
1485 1770
1485 1993
1487 1577
1488 1505
1489 1494
1491 1901
1493 1525
1496 1553
1496 1564
1496 1929
1498 1696
1498 1818
1499 1528
1499 1575
1501 1733
1502 1668
1505 1917
1508 1703
1509 1665
1510 1665
1510 1741
1511 1929
1513 1727
1514 1575
1516 1870
1520 1585
1525 1812
1527 1658
1527 1861
1527 1872
1527 1923
1528 1660
1529 1948
1530 1856
1531 1602
1531 1964
1532 1640
1533 1595
1535 1570
1535 1717
1536 1548
1542 1792
1543 1882
1543 1901
1550 1937
1551 1588
1551 1869
1551 1993
1554 1634
1557 1731
1558 1662
1562 1738
1563 1742
1563 1942
1564 1811
1565 1807
1566 1607
1569 1974
1574 1887
1575 1649
1576 1900
1578 1833
1582 1597
1582 1905
1583 1848
1584 1637
1586 1626
1588 1730
1588 1938
1591 1824
1594 1755
1594 1857
1596 1898
1601 1691
1605 1677
1605 1835
1612 1707
1612 1875
1613 1690
1619 1647
1619 1970
1624 1748
1626 1746
1626 1858
1627 1788
1634 1958
1636 1901
1639 1889
1640 1843
1640 1966
1642 1753
1644 1811
1645 1930
1646 1973
1648 1664
1648 1884
1649 1706
1649 1770
1651 1850
1652 1689
1659 1720
1659 1791
1665 1765
1665 1854
1665 1860
1667 1923
1670 1830
1674 1727
1676 1762
1679 1871
1681 1732
1684 1740
1684 1842
1684 1906
1685 1937
1688 1934
1688 1971
1693 1897
1693 1928
1693 1972
1695 1710
1697 1949
1697 1957
1701 1784
1701 1799
1701 1820
1702 1928
1705 1764
1705 1984
1706 1837
1707 1770
1718 1801
1718 1879
1721 1725
1725 1760
1726 1862
1728 1899
1737 1921
1738 1773
1739 1769
1745 1792
1747 1987
1747 1999
1748 1968
1749 1895
1755 1796
1755 1798
1756 1775
1759 1834
1760 1995
1763 1906
1765 1824
1766 1997
1767 1972
1768 1808
1768 1925
1770 1912
1773 1862
1780 1810
1781 1867
1782 1878
1786 1927
1790 1982
1795 1813
1801 1944
1801 1960
1806 1829
1810 1829
1813 1831
1817 1898
1831 1948
1841 1982
1842 1913
1843 1995
1844 1939
1859 1920
1859 1963
1865 1975
1868 1929
1870 1919
1871 1901
1873 1905
1873 1933
1878 1917
1880 1962
1890 1988
1898 1981
1900 1914
1903 1951
1910 1926
1916 1998
1952 1959
1961 1987
